109 128
18.87 71.41 6.94 1.683
 0 0 0 2 6 0 0 0 10 4 1 47 140 2 0 3 142 18 2 8
 21 1 0 35 35 0 0 0 0 0 0 5 0 0 0 9 20 0 0 0
 29 20 16 142 142 0 0 4 142 63 14 24 14 0 0 19 40 1 0 0
 0 0 0 1 0 0 1 31 31 0 0 0 87 19 9 142 142 5 1 25
 142 46 2 8 8 0 0 86 23 2 0 0 0 0 0 4 0 0 6 22
 16 19 1 0 67 65 23 68 73 45 2 18 142 142 11 0 1 0 0 32
 7 5 0 0 0 0 0 0
30.11 97.01 3.56 -0.807
 5 60 64 41 58 22 0 0 7 67 25 66 114 49 4 0 114 82 10 51
 60 21 15 9 83 59 1 0 0 0 0 0 11 44 24 47 114 57 0 0
 109 97 14 41 62 34 58 24 73 42 0 13 21 114 114 26 47 110 3 0
 0 14 18 5 22 22 22 50 53 33 76 33 114 23 1 9 13 28 101 88
 61 4 0 0 0 64 45 27 1 0 0 0 0 10 11 1 71 0 0 0
 1 9 45 77 11 0 0 0 0 12 79 51 5 0 0 0 0 0 1 12
 0 0 0 0 0 0 0 0
30.11 97.01 3.56 -2.685
 0 0 7 56 22 0 0 0 26 6 5 36 12 0 0 3 8 0 0 0
 0 0 0 1 0 0 0 0 0 0 0 0 16 8 91 118 19 9 18 4
 118 45 37 65 8 1 7 63 49 31 90 37 0 0 0 15 10 36 20 1
 0 0 0 0 23 5 13 40 15 28 118 84 84 38 49 96 31 20 97 38
 82 62 118 110 6 7 40 12 118 85 56 3 0 0 1 2 9 0 0 27
 65 22 28 76 0 0 1 81 60 24 71 106 21 8 4 17 49 42 118 57
 27 33 77 12 16 8 13 12
28.52 78.42 3.01 -1.226
 0 2 52 37 61 110 1 0 19 50 22 20 125 77 21 7 125 125 6 1
 6 4 31 45 48 29 0 0 0 5 36 10 7 19 118 66 41 23 8 1
 73 18 24 20 64 27 113 100 85 23 0 0 1 2 125 125 46 6 0 0
 0 0 4 49 12 6 22 12 51 40 27 9 125 42 1 1 6 6 18 54
 93 14 0 0 0 0 35 45 0 0 0 0 0 0 2 8 19 3 4 3
 9 37 75 25 102 3 0 0 0 13 41 109 65 2 0 0 0 0 0 29
 0 0 0 0 0 0 0 0
28.52 78.42 3.01 -2.428
 61 33 121 22 0 0 0 39 31 95 102 8 0 0 0 2 13 18 0 0
 0 0 0 0 0 0 0 0 0 0 0 0 36 23 121 57 7 36 64 21
 121 103 62 4 0 3 9 60 73 43 32 0 0 0 0 9 0 9 6 0
 0 0 0 0 11 1 1 35 59 93 121 29 90 101 91 22 17 20 27 25
 25 121 121 0 0 0 2 3 22 121 29 0 0 0 0 1 0 0 0 37
 119 72 16 8 5 5 11 24 24 33 56 30 59 36 14 4 7 6 19 60
 55 58 13 5 0 0 3 40
25.21 108.66 3.37 -0.526
 2 46 40 15 45 19 0 0 2 5 12 31 129 107 7 5 20 2 3 8
 16 21 12 22 0 0 0 0 0 0 0 0 66 126 34 44 67 7 0 0
 28 33 16 129 129 35 6 6 129 42 10 36 16 9 5 39 32 1 0 0
 0 0 0 4 109 46 9 59 49 14 14 35 54 12 4 60 45 129 105 37
 129 78 1 7 6 67 31 39 45 40 0 0 0 0 0 3 88 0 0 7
 4 44 67 86 52 0 0 0 7 97 24 45 21 15 0 0 3 66 16 4
 5 8 0 0 0 0 0 0
19.58 42.89 2.48 1.758
 0 0 2 21 73 12 1 0 9 7 6 17 93 49 56 37 34 21 47 32
 30 7 10 24 112 18 15 12 4 0 0 13 2 6 19 112 106 3 0 1
 99 97 49 68 55 32 15 14 44 17 26 20 79 112 56 50 112 9 7 1
 0 2 17 112 3 1 1 56 112 30 18 25 112 31 9 22 34 17 22 106
 61 44 23 54 17 37 29 24 65 33 3 1 0 1 9 45 0 12 18 26
 52 36 28 9 5 19 37 24 73 26 27 21 81 39 74 38 21 5 3 12
 112 12 1 0 0 0 0 11
18.90 21.63 2.59 1.771
 0 0 0 16 54 0 0 0 7 20 34 41 114 17 4 2 21 46 94 71
 8 9 11 8 114 86 22 6 1 2 0 12 1 2 11 106 87 0 0 0
 65 33 38 81 89 46 62 15 31 6 11 6 15 107 114 52 114 2 0 0
 1 14 14 114 3 1 2 68 114 14 9 12 114 29 15 34 52 9 18 71
 77 29 27 40 15 32 23 31 59 7 0 0 0 3 9 67 2 13 15 37
 70 31 24 8 15 18 31 20 58 33 31 26 114 24 38 21 11 4 3 29
 75 3 0 0 0 0 0 11
18.90 21.63 2.59 0.013
 0 4 114 64 6 0 0 0 9 72 114 2 0 0 0 3 3 32 73 25
 1 0 0 0 0 8 106 17 0 0 0 0 9 10 52 61 71 65 10 8
 114 75 59 5 7 5 5 85 20 24 69 46 24 46 18 25 4 13 82 30
 47 31 26 12 6 4 15 26 69 49 89 27 91 29 39 33 33 50 79 70
 14 43 114 62 17 30 69 12 39 44 24 12 18 14 46 43 0 0 0 0
 0 4 112 17 0 0 0 3 8 73 109 11 2 5 4 3 5 39 114 10
 16 8 0 1 4 11 105 42
10.81 96.32 2.22 2.676
 42 50 56 13 31 14 5 54 33 5 2 18 122 60 9 46 110 6 0 0
 2 4 17 132 13 0 0 0 28 104 29 39 48 2 0 0 44 29 14 132
 53 18 1 3 132 95 7 13 132 36 0 1 8 7 3 22 53 0 0 0
 1 38 22 13 102 13 0 0 16 28 3 34 15 1 0 0 73 132 66 20
 132 4 0 0 2 33 71 118 44 0 0 0 0 0 2 18 119 63 0 0
 0 3 2 5 10 5 0 0 0 42 33 3 3 0 0 0 0 9 44 35
 3 0 0 0 0 0 0 7
10.81 96.32 2.22 0.037
 0 1 1 6 0 0 0 0 0 6 35 41 2 0 0 0 4 39 30 4
 0 0 0 0 2 4 0 11 28 0 0 0 7 17 6 53 20 0 0 0
 12 32 64 122 75 0 0 0 122 122 54 22 2 0 0 4 21 17 3 41
 68 0 0 0 25 19 36 122 37 0 0 0 50 7 7 122 122 1 1 40
 122 29 17 23 6 0 0 95 23 5 20 121 43 0 0 2 3 4 119 88
 13 12 1 4 95 10 37 60 17 1 3 70 82 11 70 84 16 13 2 42
 1 1 122 104 9 5 0 1
31.10 112.19 2.01 -0.542
 2 2 22 108 68 10 0 0 126 95 9 43 27 2 0 12 106 33 0 0
 0 0 0 6 0 0 0 0 0 0 0 0 8 0 31 126 23 30 81 12
 126 29 5 27 4 12 16 117 126 25 0 0 0 0 0 44 1 1 0 0
 0 0 0 0 2 0 0 1 90 103 126 12 126 126 2 3 64 52 34 33
 67 126 4 0 0 0 2 10 2 16 0 0 0 0 0 0 0 0 0 0
 53 78 26 1 14 10 0 0 23 59 122 30 20 30 0 0 0 0 12 15
 0 2 0 0 0 0 0 0
26.35 42.81 1.86 -1.812
 33 37 2 4 2 25 47 18 16 45 22 86 68 4 1 0 127 127 13 19
 10 0 0 0 25 10 0 0 0 0 0 0 49 15 1 1 20 62 20 18
 21 15 5 63 127 104 7 4 127 88 5 19 29 13 7 24 73 12 0 0
 0 0 0 0 19 69 102 33 17 17 6 11 12 56 18 3 75 127 50 12
 127 13 5 3 8 52 76 122 57 12 0 0 0 0 0 9 24 55 38 30
 33 18 38 33 45 112 13 25 6 13 21 12 29 66 52 67 14 5 13 10
 54 52 5 0 0 0 0 0
24.09 111.88 2.24 -0.599
 0 0 1 3 92 88 0 0 38 5 3 1 43 103 7 20 65 16 0 0
 1 1 0 14 0 0 0 0 0 0 0 0 8 9 6 59 100 9 0 0
 44 34 18 115 109 29 0 2 123 120 4 12 8 0 0 12 19 5 0 0
 0 0 0 1 20 18 12 123 91 16 31 3 59 7 22 123 26 32 83 31
 123 58 3 7 2 4 5 74 28 17 1 0 0 0 0 5 41 12 0 6
 23 27 87 34 12 8 0 1 86 102 112 15 80 123 3 1 23 22 29 26
 11 67 3 0 0 0 0 2
23.68 91.87 2.01 -0.673
 0 0 0 2 113 58 0 0 88 62 1 1 48 59 1 1 74 68 5 52
 56 3 0 0 0 0 10 115 59 10 30 4 1 12 4 50 96 17 0 0
 37 42 7 75 115 35 0 2 115 103 6 19 34 17 21 25 5 0 0 9
 34 44 115 40 11 24 12 115 39 6 19 4 45 6 6 104 42 40 45 20
 115 44 0 4 3 7 7 56 30 10 0 0 10 19 22 19 29 2 0 7
 12 17 83 38 8 2 0 1 28 113 93 24 106 30 0 0 5 25 35 86
 29 8 0 0 0 1 1 21
22.22 38.21 2.19 2.149
 0 0 0 14 8 0 0 0 0 0 1 117 93 21 21 7 32 4 1 73
 42 9 57 111 67 9 21 23 10 6 8 57 3 9 44 117 14 0 0 0
 60 67 62 55 55 31 39 10 23 40 22 55 90 16 45 24 46 41 31 47
 27 0 1 32 17 7 16 117 68 7 40 62 117 36 19 28 40 17 16 117
 22 26 24 40 117 110 53 35 60 29 18 6 4 7 38 117 11 6 1 19
 37 16 63 50 67 22 18 43 17 4 10 40 53 31 23 29 15 35 40 28
 13 2 0 0 0 2 35 51
22.22 38.21 2.19 -1.071
 0 4 35 52 22 8 0 0 20 36 30 19 44 31 27 40 15 4 18 65
 76 20 8 27 56 20 59 59 3 1 1 27 7 13 42 116 64 29 22 7
 116 112 42 28 32 21 21 33 30 12 13 110 116 54 29 48 90 4 18 34
 10 7 16 116 32 0 1 27 46 43 32 43 95 17 46 31 20 38 21 42
 60 37 44 9 36 57 56 59 19 0 0 0 0 4 26 114 13 6 6 40
 67 10 20 27 47 7 42 116 45 5 1 59 107 19 17 9 0 0 0 116
 10 0 0 0 0 0 0 11
19.76 99.01 2.08 -0.301
 2 13 17 47 117 1 0 0 103 117 20 12 19 1 0 2 29 18 1 29
 37 0 0 0 0 0 0 21 101 28 0 0 7 1 0 33 117 12 0 2
 117 18 3 12 40 9 0 27 55 7 27 117 26 0 0 2 3 2 58 116
 38 2 0 1 10 4 36 117 49 3 0 5 117 38 9 43 26 7 4 40
 20 6 21 117 60 62 69 5 16 1 43 55 13 53 51 26 28 0 14 31
 22 46 21 31 117 3 1 4 1 6 12 117 7 0 0 2 36 53 83 16
 20 7 0 11 90 60 34 8
19.80 65.76 1.87 2.938
 3 0 16 117 12 0 0 0 17 5 93 83 0 2 13 21 38 43 67 3
 0 5 25 39 32 18 7 18 15 19 2 17 30 3 15 117 29 1 2 37
 58 33 60 30 30 16 13 43 117 86 44 19 9 3 13 35 31 12 37 116
 7 2 0 16 94 10 3 37 41 4 5 103 38 7 7 35 117 44 15 71
 117 24 5 17 54 22 4 97 35 22 11 73 70 53 22 12 63 48 12 11
 29 23 26 17 17 13 14 47 41 3 26 115 46 0 0 0 7 20 16 117
 3 0 0 0 9 73 82 16
17.46 71.85 2.07 2.489
 1 2 4 67 99 0 0 0 42 27 18 63 51 6 4 12 40 88 48 27
 13 15 6 12 28 49 7 37 62 22 7 2 14 13 65 70 106 4 1 5
 107 21 3 23 77 29 9 40 101 28 5 9 83 99 10 28 107 16 0 0
 12 36 39 32 31 8 16 5 51 70 16 90 78 92 18 7 60 82 16 10
 67 33 26 25 55 12 9 102 89 0 0 0 0 1 3 85 47 4 0 0
 8 54 9 37 2 8 2 0 11 107 107 27 12 5 3 0 0 1 71 107
 7 0 0 0 0 0 1 38
13.03 77.97 1.87 0.248
 0 0 87 27 0 0 0 0 0 37 118 4 0 0 0 0 0 44 23 0
 0 0 0 0 0 3 1 0 0 0 0 0 10 2 118 77 3 7 17 49
 13 91 118 22 51 26 14 10 114 118 37 2 3 0 0 6 18 14 6 13
 1 0 0 1 62 10 36 71 13 6 14 89 48 8 12 118 103 16 10 66
 118 34 24 8 7 0 0 100 26 4 31 98 6 0 0 4 9 5 34 70
 10 4 38 43 19 4 19 48 11 20 49 118 38 28 118 26 9 17 2 33
 1 17 118 68 6 0 0 0
12.20 42.38 1.93 0.882
 12 114 26 18 14 32 7 0 28 121 10 2 0 0 0 0 10 15 1 0
 0 0 0 0 0 0 0 0 0 0 0 0 14 31 42 105 34 69 42 14
 121 121 23 18 3 4 23 64 56 26 19 0 0 0 0 3 1 6 2 0
 0 0 0 0 5 49 41 8 8 92 121 27 58 21 32 22 41 28 103 103
 14 121 121 22 18 18 2 2 7 106 12 0 0 0 0 0 50 121 67 12
 18 18 5 3 17 76 59 10 36 36 6 1 2 53 46 50 42 83 12 0
 26 121 31 23 8 3 0 0
7.70 109.79 1.90 2.987
 18 5 5 87 91 3 1 5 134 17 1 10 17 3 13 73 53 0 0 0
 4 1 26 134 4 0 0 33 134 11 6 34 30 26 17 39 2 13 10 0
 134 77 3 3 0 4 4 27 134 3 0 0 4 4 3 78 1 0 0 2
 130 106 7 4 9 2 0 0 0 127 39 2 134 35 0 0 0 91 48 47
 134 17 0 0 0 2 1 15 2 0 0 0 12 53 9 0 0 0 0 0
 1 69 9 0 47 0 0 0 0 80 61 46 71 3 0 0 0 0 1 17
 1 0 0 0 1 2 0 0
30.98 87.74 1.74 2.902
 0 0 4 3 0 0 0 0 0 1 29 9 0 0 0 0 0 7 35 3
 0 0 0 0 1 3 3 1 0 0 0 0 0 1 9 27 29 2 1 0
 9 14 121 121 79 4 0 1 89 103 121 17 3 0 0 19 36 29 12 2
 0 0 0 5 1 3 15 62 60 4 1 0 38 20 14 121 121 15 0 5
 121 97 111 15 14 1 1 35 30 65 121 18 3 0 0 12 19 26 31 92
 74 12 1 10 12 11 4 121 79 11 22 76 14 38 53 7 1 3 109 92
 20 23 39 13 30 4 43 103
30.98 87.74 1.74 -0.411
 8 6 51 126 15 7 21 6 15 3 56 126 24 30 26 25 126 27 3 27
 8 4 4 126 29 5 0 2 15 28 79 46 1 0 4 27 35 50 126 39
 42 9 2 11 126 110 88 37 126 58 0 0 15 9 9 107 40 10 2 1
 3 1 6 18 1 0 0 3 43 35 38 6 6 1 0 7 107 91 126 38
 76 10 0 0 5 7 109 126 17 2 0 0 0 1 7 26 0 0 0 0
 2 6 4 1 1 0 0 0 0 7 45 7 0 0 0 0 0 0 23 13
 0 0 0 0 0 0 1 2
30.98 87.74 1.74 -1.636
 20 113 111 7 4 18 14 13 32 110 43 0 0 0 2 12 7 21 27 1
 1 0 2 1 5 2 0 0 0 0 0 1 17 115 31 6 63 84 16 17
 28 119 119 0 0 14 41 20 119 119 80 0 0 1 5 15 28 6 0 0
 0 0 0 1 78 1 0 10 110 49 24 59 84 10 12 0 0 82 119 98
 119 17 3 0 0 22 57 119 25 1 0 0 0 0 0 8 56 33 17 2
 29 55 29 59 78 10 0 0 0 15 36 70 10 1 0 0 0 7 32 33
 3 2 0 0 0 0 0 1
29.32 103.49 1.77 2.736
 0 2 53 17 5 1 0 0 15 63 97 5 0 0 0 0 16 26 8 1
 0 0 0 0 0 0 3 24 48 10 0 0 4 3 43 32 74 120 2 1
 120 75 65 11 21 21 1 37 82 32 63 7 0 0 0 14 0 4 24 68
 64 7 0 0 2 1 1 81 120 57 1 0 70 95 94 37 63 11 4 15
 46 65 120 23 0 0 6 37 47 35 39 36 78 32 2 27 2 0 0 95
 120 17 2 11 13 8 18 27 22 4 62 114 34 6 18 1 0 2 68 120
 32 1 0 0 89 14 3 75
29.32 103.49 1.77 -2.053
 0 80 120 18 1 3 0 0 0 52 120 82 4 0 1 0 46 41 57 120
 6 1 4 3 51 19 3 0 0 0 0 1 15 36 45 7 36 111 18 5
 89 38 82 20 3 11 65 87 68 14 17 24 1 23 120 80 97 7 0 0
 0 0 15 59 15 1 0 2 70 120 36 3 120 41 0 0 7 41 45 59
 76 15 0 0 0 9 81 35 7 2 1 0 1 0 15 24 0 0 59 14
 2 84 44 0 42 20 63 38 2 39 67 37 33 71 71 9 0 0 1 7
 2 22 62 20 0 0 0 0
27.57 84.44 1.49 2.903
 0 1 67 72 13 0 0 0 15 54 120 19 0 0 0 1 31 45 24 0
 0 0 0 3 4 2 0 4 2 0 0 1 6 3 22 79 120 13 0 1
 120 65 58 23 29 2 0 36 93 48 85 2 0 0 0 27 4 23 45 44
 10 0 0 0 5 7 4 120 103 3 1 7 73 100 67 24 15 1 21 27
 28 62 120 12 0 0 23 43 26 62 52 61 34 0 3 25 12 0 0 48
 65 16 13 69 12 6 4 3 0 4 109 116 5 2 5 0 5 5 97 120
 10 1 0 24 110 9 15 43
27.57 84.44 1.49 -1.927
 0 72 87 24 5 41 9 0 3 118 118 15 0 2 6 6 35 86 118 25
 0 0 9 6 68 67 5 0 0 0 0 1 5 7 2 2 69 118 20 8
 70 28 23 2 11 22 73 103 67 21 18 3 0 17 118 75 118 16 0 0
 0 0 14 45 4 1 1 3 81 118 6 1 118 35 0 0 20 53 26 47
 106 11 0 0 0 12 78 44 16 0 0 0 0 1 27 36 0 5 104 23
 11 60 6 0 49 42 52 2 3 38 32 49 60 57 27 0 0 0 1 22
 1 12 7 0 0 0 2 1
27.37 36.62 1.54 -2.386
 19 122 16 4 46 28 0 0 50 122 1 0 0 0 0 0 2 11 2 0
 0 0 0 0 0 0 0 0 0 0 0 0 28 40 1 1 37 122 113 19
 122 117 4 2 0 10 59 79 27 42 32 4 0 0 0 3 1 15 3 0
 0 0 0 0 0 28 74 7 0 53 83 6 12 17 31 29 54 15 69 44
 9 118 109 59 65 16 0 2 14 122 12 0 0 0 0 0 20 76 96 15
 2 3 14 38 6 81 56 6 37 14 22 7 4 56 12 11 104 107 1 0
 6 122 14 1 17 19 0 0
25.36 22.73 1.51 2.041
 0 0 0 4 4 0 0 0 0 1 19 29 8 0 0 0 0 4 20 33
 123 12 0 0 27 67 20 18 93 21 2 1 0 0 0 36 22 0 0 0
 11 22 58 123 58 0 0 0 99 85 63 37 44 47 8 5 9 12 5 1
 43 123 110 15 0 0 0 123 73 0 0 0 30 7 6 123 123 3 16 66
 123 24 5 11 4 4 12 104 31 0 4 13 25 28 49 10 1 0 0 112
 83 14 13 17 14 0 0 39 27 4 32 123 91 7 2 11 5 0 11 65
 18 14 28 55 17 1 0 1
25.36 22.73 1.51 -1.683
 20 9 2 11 22 55 8 4 60 14 5 73 136 2 0 0 138 32 2 6
 10 0 0 2 24 3 0 0 0 0 0 1 22 2 0 6 73 78 3 15
 66 19 2 59 138 99 5 6 138 54 1 6 7 6 3 13 43 7 0 0
 0 0 0 0 15 17 54 36 27 32 0 5 20 20 40 11 67 138 54 29
 138 7 0 0 1 26 50 124 35 4 0 0 0 0 0 6 11 20 91 104
 24 5 14 2 28 138 82 13 1 12 27 8 53 79 0 0 0 1 10 31
 10 3 0 0 0 0 0 3
24.19 101.80 1.69 2.109
 9 44 31 6 0 0 0 0 2 7 11 35 22 9 0 0 3 4 9 15
 122 90 11 1 75 28 1 0 21 58 16 15 64 122 49 25 0 6 4 0
 16 39 85 122 1 0 0 1 112 77 43 35 10 61 15 8 20 19 2 0
 33 122 14 3 12 42 50 23 65 84 11 1 49 14 66 103 7 0 1 80
 122 24 4 6 0 3 3 80 39 8 0 0 19 115 3 1 6 0 0 1
 122 81 3 3 121 17 1 1 18 17 8 77 74 33 1 1 6 3 8 39
 37 27 0 0 0 8 1 0
24.19 101.80 1.69 -2.008
 0 2 28 17 11 70 73 4 16 50 49 4 30 85 8 8 42 31 76 19
 1 7 51 60 43 11 15 20 0 16 95 38 0 5 3 5 29 66 55 2
 39 3 0 2 99 123 23 9 123 28 0 0 3 19 40 65 37 4 0 0
 0 14 94 32 0 0 38 8 1 43 43 0 4 0 47 12 9 123 81 6
 96 28 39 19 1 36 74 61 37 39 28 3 0 0 2 5 0 2 123 48
 1 0 7 6 0 2 123 31 1 9 26 9 1 43 123 65 4 28 21 1
 2 98 119 12 0 4 2 3
23.73 82.05 1.47 -1.910
 2 0 1 3 26 84 49 6 18 18 6 1 50 100 13 29 37 17 29 4
 0 7 102 72 73 20 8 1 0 8 75 47 0 0 1 4 38 111 20 0
 46 9 0 1 98 112 10 12 112 32 0 0 2 15 41 54 31 1 0 0
 0 11 75 39 0 0 112 50 9 38 2 0 7 19 106 17 22 112 26 14
 111 53 32 0 0 17 26 75 32 30 11 0 0 0 4 10 1 0 83 35
 3 2 47 34 0 29 98 3 0 37 87 5 5 112 93 0 0 22 28 3
 2 112 59 0 0 0 5 1
22.61 74.11 1.58 -0.744
 38 2 4 29 17 45 43 31 38 72 4 1 50 108 18 1 78 109 7 46
 41 6 1 0 0 0 11 102 52 9 24 29 122 77 6 11 38 14 3 9
 45 17 5 20 126 50 1 1 126 28 1 7 43 22 28 21 8 0 0 7
 21 29 123 89 41 122 16 8 27 37 13 20 36 28 16 25 126 43 7 24
 126 2 0 0 21 13 6 53 39 0 0 0 3 7 24 25 7 4 12 12
 14 56 49 47 21 2 9 36 68 25 15 55 126 0 0 2 14 5 1 83
 23 1 0 0 0 0 0 6
22.48 19.72 1.53 2.106
 0 0 6 12 4 0 0 0 0 0 11 41 101 1 0 0 50 59 13 52
 117 3 0 0 45 52 42 64 2 1 0 2 2 8 42 117 22 0 0 0
 52 69 80 50 67 27 2 2 13 37 11 7 117 117 65 8 21 43 33 21
 13 14 56 64 17 7 10 117 85 2 10 29 117 38 14 25 7 10 11 87
 38 1 0 7 21 89 98 17 0 0 0 71 85 30 71 32 6 0 0 44
 22 2 29 112 98 3 2 8 2 0 14 93 23 10 31 48 19 4 2 5
 7 7 5 15 45 28 52 28
21.27 97.71 1.73 -0.273
 2 2 0 23 121 12 0 1 121 33 1 2 35 10 0 23 76 9 0 25
 15 0 0 5 1 2 3 52 39 2 0 3 6 2 3 45 107 22 2 1
 121 13 2 17 43 7 0 37 63 5 17 121 28 0 0 8 1 7 104 114
 12 2 3 1 12 7 50 121 29 6 3 16 121 43 6 33 18 4 4 81
 27 8 7 83 78 63 88 11 0 0 29 33 18 62 121 1 41 2 7 16
 34 37 17 46 96 5 0 1 0 2 6 121 5 0 0 2 9 21 69 18
 0 0 0 33 86 37 49 0
16.79 66.55 1.52 2.615
 62 15 13 43 16 0 3 30 20 45 70 51 7 7 25 24 57 80 12 20
 21 0 3 19 13 14 7 96 62 0 0 1 101 14 5 18 22 26 13 48
 43 45 28 32 84 107 10 9 122 107 5 6 42 17 0 4 18 22 3 23
 119 86 26 5 122 19 1 6 27 13 5 53 43 4 1 19 122 73 6 25
 122 7 0 0 21 16 4 72 26 0 0 0 8 68 71 13 57 96 26 14
 14 10 3 4 25 13 23 48 70 2 4 75 91 0 0 0 5 0 2 122
 14 1 0 0 0 1 4 10
15.57 37.98 1.55 -0.515
 0 0 9 16 3 0 0 0 1 10 64 14 0 0 0 0 0 15 34 28
 39 6 1 0 4 0 8 80 55 17 21 34 0 0 63 119 5 4 4 3
 9 41 119 119 27 36 6 3 116 119 96 11 14 12 7 13 23 5 0 15
 20 23 68 34 14 2 25 58 16 14 27 93 15 7 8 36 92 119 43 63
 119 26 4 10 8 19 18 119 33 2 17 119 13 0 2 12 3 0 2 42
 31 4 21 46 10 6 19 28 40 8 22 89 22 13 18 21 30 5 3 102
 1 0 11 119 91 35 32 7
14.78 58.15 1.65 -0.215
 0 0 16 15 0 0 0 0 0 11 60 19 0 0 0 0 1 23 23 8
 7 0 0 0 0 0 16 99 21 0 0 0 0 1 99 88 3 8 14 12
 12 53 118 82 35 39 9 3 90 118 68 29 30 2 0 7 31 7 5 118
 116 0 0 6 0 0 12 45 21 18 62 72 21 7 4 44 118 82 39 65
 118 22 2 10 85 19 11 118 55 9 0 40 118 39 11 9 1 3 9 71
 11 2 18 18 2 6 6 23 20 5 62 101 6 2 4 40 45 12 11 86
 4 12 20 25 57 58 50 11
7.74 109.99 1.88 3.045
 36 7 3 119 72 0 0 6 139 33 3 18 17 1 1 65 49 2 1 4
 2 2 5 138 5 0 0 43 139 8 2 27 38 25 2 32 17 74 10 0
 139 77 0 2 3 20 1 46 104 3 0 0 1 2 8 67 0 0 0 3
 122 91 7 1 9 2 0 0 38 139 19 3 139 30 0 0 19 126 40 61
 139 11 0 0 2 1 2 12 0 0 0 0 13 36 8 0 0 0 0 0
 8 50 6 0 35 0 0 0 3 55 37 39 34 0 0 0 0 0 0 9
 0 0 0 0 1 1 0 0
5.01 114.49 1.64 3.063
 0 0 1 25 5 6 1 0 102 55 6 66 20 25 2 1 172 56 0 0
 0 0 0 68 51 0 0 0 0 1 4 81 0 0 0 0 3 43 7 0
 91 27 0 0 60 172 25 8 172 55 0 0 5 28 6 42 91 5 0 0
 1 2 6 17 0 0 0 0 5 19 0 0 15 0 0 0 70 172 46 18
 172 8 0 0 5 85 68 121 90 4 0 0 1 0 0 8 0 0 0 0
 0 0 0 0 0 0 0 0 4 32 7 0 10 0 0 0 0 14 14 19
 8 0 0 0 0 0 0 2
5.01 114.49 1.64 0.618
 6 1 0 7 1 0 0 5 0 1 14 78 6 0 0 0 6 13 19 20
 0 0 0 0 1 0 0 0 0 0 0 0 1 6 16 90 13 0 0 0
 22 23 52 163 64 0 0 1 163 104 61 67 2 0 0 15 32 2 0 0
 0 0 0 4 0 0 70 163 37 0 0 0 108 15 14 163 118 0 0 9
 163 37 5 19 3 0 0 39 20 0 0 0 0 0 0 3 0 0 21 161
 53 2 16 13 34 6 0 66 57 4 64 27 50 15 0 0 0 0 3 5
 0 0 0 0 0 0 0 0
34.15 99.68 1.28 3.136
 0 56 60 0 0 0 0 0 0 37 10 1 1 0 0 0 4 3 1 0
 1 0 0 0 0 1 5 2 0 0 0 0 63 131 131 4 6 1 0 40
 125 131 20 0 1 0 0 37 16 10 8 2 6 3 3 2 0 2 21 19
 7 1 2 0 131 25 6 2 15 4 2 131 101 20 5 0 0 0 4 131
 14 3 5 5 4 2 7 11 0 0 2 39 82 3 4 1 103 131 86 1
 0 0 0 49 14 129 131 0 0 0 1 15 10 62 74 25 2 0 0 2
 0 0 47 131 37 0 0 0
29.82 108.09 1.19 -0.415
 0 3 81 60 1 1 15 1 6 0 38 82 3 6 13 16 101 3 2 10
 0 0 0 124 93 1 0 0 0 0 0 78 0 0 4 7 4 27 124 31
 36 0 0 1 35 103 73 22 124 8 0 0 3 4 2 116 49 4 0 0
 0 0 0 50 0 0 0 18 53 29 90 12 23 12 1 48 124 51 12 1
 124 124 6 5 13 2 0 2 30 113 19 0 0 0 0 0 0 0 0 26
 76 20 2 0 2 3 0 34 121 51 56 6 27 62 2 1 5 5 86 54
 35 79 6 0 0 0 16 22
28.78 67.84 1.15 -1.284
 6 7 6 8 45 122 12 1 117 123 0 0 2 58 8 2 108 114 1 0
 0 0 0 0 3 6 2 1 0 0 0 0 82 19 21 6 15 60 20 53
 75 37 0 0 90 123 13 11 123 108 0 0 6 3 0 6 30 7 0 0
 0 0 0 2 84 5 19 32 28 8 18 92 46 2 10 55 123 26 3 34
 123 8 0 0 12 2 1 90 34 0 0 0 0 0 0 7 3 1 26 62
 55 37 14 7 61 3 24 53 18 7 12 91 100 0 0 0 0 0 0 107
 7 0 0 0 0 0 0 4
27.69 61.42 1.34 -1.904
 52 46 16 17 6 37 69 13 43 71 5 2 37 118 40 5 118 118 1 0
 7 13 0 1 17 10 0 0 0 0 0 0 118 56 20 15 4 6 50 94
 56 25 6 90 118 70 15 16 118 64 2 18 26 12 11 36 57 14 0 0
 0 0 0 4 6 22 16 0 3 19 112 79 5 3 1 15 38 118 118 24
 71 6 4 5 3 12 104 118 30 8 1 0 0 0 0 14 11 118 45 0
 0 3 11 5 10 54 6 11 10 9 13 1 2 28 48 52 23 1 12 5
 21 54 16 1 0 0 0 0
25.44 66.33 1.47 1.953
 0 0 0 29 16 0 0 0 3 14 37 107 38 0 7 9 50 87 37 12
 1 0 11 22 15 12 3 2 55 18 1 1 1 0 0 62 97 1 0 0
 91 7 3 86 74 2 20 58 48 25 48 73 37 4 36 59 8 107 90 13
 14 17 0 0 1 0 0 10 107 39 0 0 93 95 9 21 107 32 0 5
 26 45 25 83 82 39 43 11 6 107 40 10 6 84 47 2 0 0 0 1
 59 41 0 0 9 53 4 2 107 104 0 0 92 107 4 1 8 20 25 16
 18 17 1 0 18 107 36 7
25.44 66.33 1.47 -1.633
 0 15 8 3 10 117 43 0 5 117 16 1 5 85 44 2 21 117 5 0
 0 11 8 0 10 38 2 0 0 0 0 0 2 42 117 36 16 31 7 1
 81 31 35 22 16 75 52 17 73 97 0 0 48 112 28 6 110 69 0 0
 1 2 0 1 5 12 48 2 0 59 117 18 117 18 17 22 18 16 74 79
 83 7 7 77 92 41 5 17 117 7 0 1 3 1 0 19 6 81 41 0
 0 14 61 3 4 19 1 7 21 50 52 12 23 1 2 23 21 57 76 40
 53 1 0 0 0 0 10 48
24.95 3.09 1.25 1.411
 0 0 0 0 0 0 0 0 0 2 7 9 0 0 0 0 0 20 8 1
 0 0 0 0 0 2 2 5 0 0 0 0 0 0 0 16 34 5 1 1
 10 36 73 139 134 13 0 1 129 139 73 28 8 1 0 8 21 26 11 28
 2 0 0 0 0 0 0 3 49 19 2 0 32 7 6 30 139 139 6 24
 139 51 6 6 30 28 6 100 36 10 9 51 63 1 0 8 0 0 0 1
 20 7 3 0 9 4 1 2 139 94 2 3 79 139 26 8 60 31 2 12
 10 91 17 32 116 0 0 1
24.95 3.09 1.25 -1.582
 120 1 0 2 14 32 6 74 37 8 1 24 111 143 13 8 143 51 1 7
 16 14 5 8 35 6 1 0 0 0 0 6 28 0 0 12 35 8 18 55
 31 18 7 143 143 36 6 7 143 77 7 35 29 5 5 30 56 11 2 0
 0 0 0 3 0 0 0 1 30 29 10 19 11 1 0 15 137 143 76 37
 143 8 0 2 8 25 66 143 33 4 1 0 0 0 0 14 0 0 0 0
 0 2 1 1 0 0 0 0 1 17 9 2 0 0 0 0 0 1 8 15
 0 0 0 0 0 0 0 1
23.79 81.72 1.39 -1.827
 3 7 8 9 42 82 28 1 31 15 2 3 68 69 16 38 36 15 26 5
 0 28 115 50 81 19 9 2 0 27 65 37 0 0 6 9 45 115 8 0
 86 19 0 5 105 109 8 12 115 36 0 0 0 25 42 34 21 0 0 0
 0 42 65 35 0 11 115 16 9 50 0 0 21 40 70 4 22 115 44 29
 115 32 13 0 0 10 29 83 13 6 1 0 0 2 7 9 0 10 91 7
 0 15 85 17 1 86 100 0 0 49 49 2 6 115 89 0 0 7 12 7
 2 100 29 0 0 0 0 0
23.11 32.67 1.34 1.129
 64 35 6 2 67 94 2 9 97 106 5 0 1 4 7 19 1 80 22 2
 20 36 4 0 8 25 6 2 21 114 13 1 40 19 0 0 116 116 0 2
 116 73 0 0 26 36 13 17 14 69 36 9 46 84 9 3 0 77 64 47
 32 34 2 0 8 1 0 0 97 116 28 7 116 11 2 0 18 56 53 90
 28 8 4 0 15 116 15 9 0 11 30 38 29 116 53 3 0 0 0 3
 8 24 14 0 4 7 39 57 29 12 25 18 3 98 70 16 3 13 2 1
 2 31 1 0 0 56 51 1
20.34 108.94 1.39 2.081
 14 69 66 38 10 27 1 0 20 6 38 120 4 0 0 38 120 23 3 11
 0 0 1 63 61 9 0 0 7 37 0 2 9 3 14 9 120 64 0 4
 120 5 9 11 7 2 10 120 98 24 0 0 11 13 28 93 66 47 0 0
 1 3 0 0 10 0 0 0 120 120 18 4 120 82 0 0 6 42 21 26
 63 77 4 5 43 15 4 7 67 57 1 1 4 2 0 0 0 0 0 0
 9 120 33 0 17 47 0 0 30 120 27 0 14 120 26 6 11 22 0 0
 15 83 31 6 1 0 0 0
20.30 80.26 1.24 2.023
 0 1 12 26 14 4 0 0 0 4 19 14 113 103 0 0 66 68 0 0
 57 73 0 0 72 105 4 0 3 7 1 1 4 9 34 124 30 0 0 0
 79 71 70 53 32 39 2 3 30 32 1 0 69 124 6 2 18 124 40 0
 2 47 6 0 15 12 23 124 53 0 0 24 124 18 4 18 5 4 2 59
 77 4 0 0 6 124 27 8 0 10 9 0 0 124 76 0 66 7 19 19
 4 0 3 66 91 8 0 0 1 6 14 76 84 19 0 0 0 15 7 4
 1 0 0 0 0 50 47 0
20.30 80.26 1.24 -0.418
 23 51 31 5 17 53 8 0 123 114 3 0 1 1 0 0 22 15 2 45
 20 0 0 0 5 5 3 47 39 1 2 8 28 8 0 8 123 69 3 0
 123 54 2 11 17 3 0 4 37 14 17 123 24 0 0 0 3 11 87 94
 8 0 0 0 35 0 0 74 123 2 0 13 123 5 2 28 32 11 2 62
 13 3 11 123 66 33 47 14 0 0 39 42 6 12 97 54 47 0 0 33
 67 4 1 33 123 0 0 1 7 20 14 84 2 0 0 1 15 50 123 25
 0 0 0 10 30 14 93 42
20.31 11.70 1.29 2.474
 0 0 2 66 14 0 0 0 27 5 14 113 14 0 4 19 22 1 2 29
 7 3 81 85 19 3 3 1 0 0 30 66 5 3 3 113 98 0 0 0
 113 24 15 85 31 0 0 58 67 7 54 49 0 0 6 49 6 39 76 29
 0 0 2 2 15 8 2 44 113 58 4 3 101 113 45 18 33 27 21 23
 15 30 112 86 8 9 21 36 52 68 51 40 16 15 6 2 3 0 0 2
 25 113 28 4 4 12 12 28 6 72 113 46 2 3 14 113 16 3 42 68
 48 8 2 62 18 5 8 87
19.99 89.63 1.31 2.213
 21 67 27 8 34 50 4 0 13 33 54 107 7 0 5 43 109 3 2 24
 2 0 9 114 60 0 0 0 17 82 4 22 17 5 9 19 116 30 1 7
 116 13 12 5 8 4 11 116 93 6 0 2 6 16 27 87 85 5 0 0
 1 23 3 11 14 3 0 6 84 116 29 5 116 89 2 3 9 47 10 19
 82 65 11 23 23 6 1 5 84 33 3 1 0 0 0 0 33 11 0 0
 27 116 12 4 21 61 3 0 62 116 1 0 34 116 21 3 5 5 0 0
 60 67 2 0 0 0 0 1
19.71 76.51 1.38 2.543
 0 7 38 19 14 0 0 0 10 5 5 60 124 0 0 0 114 21 3 17
 31 5 7 26 11 7 9 21 34 79 16 12 44 48 98 47 9 1 0 30
 43 21 8 29 124 9 0 13 124 11 0 4 37 2 3 54 32 5 0 6
 104 57 8 17 63 3 5 6 9 8 16 124 32 5 0 2 124 90 2 26
 124 124 9 1 36 24 0 2 21 47 31 46 80 1 0 5 46 0 0 0
 4 7 6 55 4 0 0 0 77 121 3 6 7 52 11 0 29 104 49 10
 6 28 37 16 3 0 42 69
19.71 76.51 1.38 -0.556
 8 0 29 56 7 35 44 24 32 83 36 8 16 73 14 0 101 121 2 6
 3 1 0 0 6 8 6 61 40 0 0 0 93 3 0 4 26 36 20 46
 36 14 0 8 125 101 6 2 125 69 2 28 35 5 0 5 11 7 17 125
 56 4 7 7 97 68 12 26 32 2 0 4 42 2 4 73 125 5 0 7
 125 4 0 13 38 23 10 45 7 0 0 28 40 50 108 45 30 61 13 11
 14 9 17 33 38 3 4 20 111 19 4 26 125 0 0 0 6 4 6 77
 8 0 0 0 1 7 37 16
19.61 93.75 1.24 2.590
 1 7 21 53 46 7 0 0 3 0 0 118 124 27 1 8 43 7 5 15
 14 3 11 124 9 1 2 1 2 9 58 90 86 40 20 6 33 43 2 15
 16 0 0 6 124 124 4 11 124 11 1 5 18 21 4 71 55 8 4 21
 11 9 7 33 89 3 0 0 22 11 1 93 9 2 0 0 124 73 0 4
 121 80 3 4 59 13 0 1 86 34 5 12 1 0 0 22 33 0 0 0
 13 3 0 28 0 0 0 0 124 54 0 0 38 61 2 2 84 23 0 0
 120 56 0 0 0 0 0 3
19.61 93.75 1.24 -0.263
 0 0 0 55 65 4 0 0 5 0 0 16 133 38 1 2 133 3 0 0
 26 10 0 44 98 3 0 3 1 0 0 17 3 0 1 63 51 7 11 17
 15 0 0 43 133 30 9 14 133 3 0 8 38 3 0 60 85 2 4 65
 6 0 0 17 14 18 61 79 15 1 3 8 26 13 22 133 102 1 1 5
 133 74 3 16 10 0 0 18 49 19 3 89 84 14 3 3 0 4 80 51
 6 21 26 4 19 3 20 75 7 12 4 91 95 18 1 2 0 0 5 133
 19 5 0 3 26 40 43 27
17.01 115.07 1.22 -0.439
 0 0 0 0 107 107 4 0 23 19 3 0 22 106 6 5 62 11 1 0
 1 3 0 28 0 0 0 0 0 0 0 0 1 0 0 8 97 50 17 3
 45 1 0 0 138 101 12 9 138 5 0 0 16 5 0 54 26 0 0 0
 0 0 0 6 20 0 0 25 54 10 5 29 43 7 0 22 138 33 4 10
 138 73 0 3 28 2 0 15 61 25 0 0 0 0 0 5 20 17 37 55
 29 0 0 17 11 13 13 138 138 0 0 3 138 129 4 15 12 0 0 9
 108 44 0 0 0 0 0 3
16.97 95.28 1.31 -0.391
 0 0 1 12 132 26 0 0 38 52 9 8 105 36 0 2 132 103 0 0
 0 1 0 4 19 8 0 3 8 1 1 0 0 0 0 39 121 17 0 0
 49 2 0 2 128 73 1 6 132 15 0 0 7 4 0 16 43 2 0 34
 19 0 0 2 3 1 0 42 66 11 8 19 44 5 0 28 132 35 5 11
 132 34 1 8 17 2 0 14 31 6 2 128 56 1 0 1 9 12 40 68
 18 1 1 5 21 16 12 130 81 0 0 8 132 89 2 9 8 0 0 30
 20 15 1 25 74 36 27 7
15.79 54.38 1.25 3.137
 38 3 9 37 1 0 7 21 1 1 87 95 1 1 2 4 5 5 103 42
 0 2 10 28 1 1 24 20 2 3 26 44 30 2 14 118 71 0 0 10
 89 22 70 118 10 0 2 67 30 13 36 10 0 0 26 118 1 4 42 28
 0 0 27 54 9 1 1 47 118 84 17 4 118 79 13 14 23 32 49 36
 31 62 118 28 0 1 29 33 3 6 97 78 1 3 41 22 0 0 0 1
 15 98 44 1 6 5 0 0 1 49 118 28 2 6 8 2 0 1 118 45
 0 0 2 3 0 4 112 33
13.84 73.69 1.26 -0.919
 0 0 3 54 9 0 0 0 0 0 48 115 7 2 5 0 0 79 115 40
 1 7 8 0 7 115 17 0 1 0 0 0 2 0 0 82 97 0 0 1
 30 3 4 79 37 15 64 59 3 27 8 6 9 115 88 13 38 115 1 0
 12 43 1 0 9 5 1 43 115 13 0 0 115 54 1 10 29 7 8 23
 32 11 0 0 66 115 15 7 45 32 0 0 110 72 0 0 2 2 0 2
 115 42 0 0 68 115 3 3 49 17 0 0 23 87 26 16 52 10 0 0
 16 6 3 8 112 38 0 0
13.84 73.69 1.26 -2.913
 1 0 0 114 57 1 12 7 14 0 6 88 11 0 12 114 4 0 1 8
 5 5 65 114 2 2 9 28 69 21 22 17 30 1 0 77 114 7 0 10
 114 21 6 10 6 0 1 114 22 5 28 103 11 1 8 53 2 0 4 114
 79 3 8 21 17 4 0 3 62 114 36 2 69 84 38 10 0 29 55 9
 4 14 65 114 3 3 57 26 0 0 5 47 8 1 55 114 0 0 0 0
 0 68 40 0 1 2 1 0 0 49 114 8 0 0 1 1 0 2 114 42
 2 0 0 0 0 2 46 55
13.71 27.86 1.34 1.884
 120 15 0 4 0 0 5 36 13 10 19 60 28 6 5 1 7 21 11 16
 65 51 71 61 11 0 0 0 1 4 30 112 111 31 2 13 23 8 4 11
 28 40 34 108 120 12 0 2 120 120 25 17 13 3 9 19 24 4 0 0
 1 6 6 9 118 66 10 26 51 5 0 0 58 15 6 41 120 30 2 25
 120 10 0 2 24 7 2 99 27 1 0 2 2 0 0 5 35 69 85 31
 72 20 2 2 91 40 77 60 30 1 1 56 119 4 2 1 2 0 0 78
 5 2 1 0 0 0 0 1
13.71 27.86 1.34 -1.272
 0 0 0 1 4 1 1 0 2 0 0 73 119 3 2 0 44 1 0 48
 90 31 62 63 58 12 0 1 46 74 80 31 3 0 0 3 21 1 0 2
 16 6 2 82 119 18 1 2 119 37 2 27 62 14 4 33 50 6 0 0
 115 64 7 23 1 6 7 10 16 2 0 0 6 4 16 20 119 119 24 11
 119 9 0 1 25 51 43 117 24 6 4 10 114 29 2 16 1 2 22 118
 17 0 0 0 75 55 80 85 6 12 6 15 41 11 9 2 7 7 16 50
 0 0 4 24 119 19 0 5
13.00 19.02 1.14 1.087
 43 30 1 2 26 95 13 6 84 128 0 0 45 102 0 0 109 128 0 0
 0 0 0 0 4 13 0 0 0 0 0 0 128 48 5 10 25 33 3 44
 74 27 0 0 128 128 5 11 128 88 0 0 9 14 3 13 36 18 0 0
 0 0 0 3 53 0 0 0 4 14 24 128 17 0 0 0 60 128 42 34
 128 5 2 0 4 41 45 104 33 5 1 0 0 0 5 14 5 25 4 0
 1 1 11 36 1 1 2 12 39 33 9 6 8 20 70 31 21 10 13 20
 7 76 39 1 0 0 0 2
13.00 19.02 1.14 -1.528
 0 3 4 3 2 0 0 0 0 2 15 38 18 45 4 0 18 15 17 10
 4 44 43 36 23 0 0 0 8 8 3 35 0 0 2 26 26 0 0 0
 12 17 40 131 72 0 0 0 131 102 48 41 4 0 1 9 27 11 33 19
 2 0 0 5 0 0 0 23 103 4 0 0 69 4 3 131 131 0 0 16
 131 21 17 55 19 0 0 51 13 10 131 131 16 0 2 0 0 0 0 7
 121 1 0 0 93 6 0 16 131 0 0 5 131 17 0 41 70 1 0 11
 3 1 14 60 66 16 50 30
12.67 69.72 1.27 2.170
 7 9 3 7 15 122 49 9 95 122 1 0 10 82 4 2 107 84 0 0
 0 16 13 3 5 4 1 0 0 8 40 21 52 26 1 0 46 100 14 10
 88 26 0 0 122 122 4 6 122 78 0 0 3 3 0 15 16 15 2 0
 0 0 0 11 29 122 48 16 28 7 0 0 56 9 29 56 122 45 2 25
 122 4 0 1 6 4 1 76 16 0 0 0 0 0 0 15 2 68 66 8
 0 38 29 16 43 10 45 33 5 0 12 122 82 0 0 0 0 0 0 101
 6 0 0 0 0 0 0 3
11.47 100.29 1.14 0.008
 7 57 69 102 30 0 0 0 75 138 23 3 0 0 0 0 20 17 1 0
 0 0 1 4 2 2 5 2 1 0 0 0 36 38 12 92 136 2 0 2
 138 138 5 5 2 0 0 7 88 21 3 3 0 0 0 1 4 4 7 7
 0 0 0 0 46 1 0 23 126 9 1 43 138 5 0 0 2 1 0 138
 89 1 0 2 2 3 2 18 1 1 4 42 11 3 1 0 74 0 0 17
 57 1 0 87 138 0 0 0 0 0 0 138 17 0 1 39 2 0 0 15
 0 0 2 114 14 0 0 1
28.97 91.45 1.04 -0.374
 1 1 44 126 9 11 6 3 37 11 5 43 5 2 1 117 101 29 0 0
 0 0 3 126 14 4 0 1 17 34 42 26 8 1 3 11 63 83 54 17
 126 14 0 2 8 12 5 126 65 10 0 0 0 0 1 126 7 2 0 1
 1 2 9 19 10 7 0 27 126 24 9 3 126 126 0 4 23 2 2 28
 109 87 0 0 0 0 0 16 12 3 3 9 1 0 0 6 1 0 0 31
 77 31 87 14 57 14 0 0 7 5 96 126 71 17 0 0 0 0 11 77
 5 2 1 3 0 0 3 6
26.96 115.04 0.96 -0.753
 54 158 10 1 11 3 0 0 56 158 10 0 0 0 0 0 16 22 1 0
 0 0 0 0 0 0 0 0 0 0 0 0 65 117 12 23 38 1 0 1
 158 158 1 0 0 0 0 5 82 40 4 0 0 0 0 2 4 5 0 0
 0 0 0 0 128 5 1 22 12 0 1 45 158 7 0 0 0 0 0 132
 82 3 0 0 0 0 1 34 6 2 1 2 1 0 0 3 111 23 0 0
 0 17 19 35 158 97 0 0 0 0 0 63 37 19 2 0 0 0 2 14
 0 1 2 0 0 5 2 1
26.80 74.71 0.94 -0.822
 93 24 0 0 115 15 0 0 156 74 0 0 6 26 8 5 15 5 0 0
 9 61 119 50 2 0 0 0 1 2 43 89 62 10 0 2 111 68 3 8
 156 50 0 0 1 3 1 19 79 5 0 0 0 1 13 31 0 0 0 0
 1 4 15 7 43 3 0 0 137 79 6 10 156 14 0 0 12 4 0 33
 105 6 1 0 0 0 1 9 0 0 0 5 1 0 1 0 34 0 0 36
 144 33 4 14 156 1 0 1 9 3 1 61 49 9 4 0 0 0 1 10
 0 1 1 1 0 0 0 0
27.11 18.06 0.93 -2.538
 3 140 60 0 0 0 0 0 7 99 17 3 0 0 0 2 1 12 9 4
 1 0 1 1 0 7 5 0 0 0 0 0 39 140 34 0 1 13 127 45
 140 140 12 1 0 0 21 54 27 12 10 1 0 1 12 11 0 5 5 0
 1 8 4 2 5 0 5 9 0 11 140 37 62 4 40 9 0 3 74 87
 18 24 71 3 0 0 0 4 5 23 25 0 2 2 0 0 0 0 32 118
 25 2 9 0 0 1 140 94 3 0 4 3 1 38 140 6 0 0 7 4
 2 97 140 0 0 0 3 1
27.02 11.76 1.06 -1.298
 50 87 37 3 5 84 41 5 139 139 2 0 2 10 6 2 32 13 0 0
 2 10 32 23 8 2 1 0 3 8 5 8 33 9 0 0 135 139 29 16
 139 77 0 0 29 32 4 19 95 10 1 4 1 0 2 15 8 0 1 6
 4 1 0 6 6 0 0 9 139 111 6 9 139 4 0 4 38 51 12 52
 102 5 1 5 1 0 1 13 2 0 0 1 0 0 1 15 14 4 5 139
 63 8 0 2 139 6 4 30 19 4 0 65 42 2 1 0 0 0 1 28
 0 1 0 0 0 0 0 3
26.54 71.07 1.09 -0.919
 0 8 8 21 137 27 0 0 78 35 0 1 102 52 1 2 137 71 0 0
 0 4 7 7 15 1 0 0 0 2 16 18 20 45 58 27 34 21 5 23
 55 8 1 2 109 117 8 12 137 41 0 0 10 6 0 10 42 6 1 1
 0 0 1 3 47 14 6 8 17 11 20 137 39 1 0 37 137 72 10 29
 137 8 0 3 21 8 0 33 38 7 3 0 0 0 0 6 8 13 61 51
 18 1 7 36 21 1 9 94 90 1 5 65 122 1 0 3 6 0 1 130
 12 0 0 0 0 0 0 10
26.53 32.28 1.00 1.107
 0 0 0 0 82 119 0 0 90 60 0 0 105 119 0 3 128 100 0 0
 2 26 19 7 5 28 16 5 31 47 11 1 0 0 0 2 64 57 0 0
 43 23 0 1 129 129 7 5 129 79 0 0 19 25 10 28 44 3 1 1
 38 113 8 6 0 0 0 3 31 19 2 0 6 0 0 0 73 129 78 13
 129 1 2 1 5 48 89 113 34 4 7 3 2 24 3 9 0 0 0 1
 3 5 1 0 0 1 2 5 5 16 19 1 1 0 22 57 14 8 23 12
 2 47 75 29 2 0 0 1
26.53 32.28 1.00 -1.622
 21 34 0 1 5 7 2 0 0 3 13 19 7 32 46 6 6 26 19 5
 0 2 36 31 6 3 2 0 0 1 1 7 105 76 1 14 11 1 2 3
 9 24 51 155 97 1 2 0 95 155 71 52 9 0 0 5 30 35 2 0
 0 0 0 6 90 43 3 19 39 8 3 12 47 11 7 126 155 5 0 7
 155 38 7 23 32 0 0 68 63 8 0 0 0 0 0 30 11 44 8 14
 44 27 0 0 54 12 6 56 155 6 0 3 155 11 0 2 24 1 0 11
 51 8 0 0 0 0 0 1
25.89 13.93 0.87 -1.148
 50 112 52 1 3 30 12 0 145 143 4 0 6 4 1 0 17 8 0 0
 23 58 71 12 10 1 0 0 2 11 68 75 70 16 0 0 83 145 19 3
 145 80 0 0 4 5 1 6 82 13 0 0 0 0 8 17 12 1 0 1
 6 10 6 5 33 0 0 0 145 84 5 14 145 8 0 0 13 10 4 68
 88 1 1 2 0 0 4 29 5 0 2 8 3 0 0 4 13 0 0 14
 113 60 7 17 145 0 0 0 4 10 6 77 47 1 1 5 0 0 1 12
 0 0 1 2 0 0 2 10
23.98 11.65 1.11 2.222
 0 0 5 7 2 0 0 1 1 0 3 99 43 0 0 1 15 1 0 103
 48 5 32 72 17 2 1 4 5 1 49 123 0 0 3 21 21 0 3 4
 21 10 8 132 132 0 0 2 132 28 8 36 14 1 4 56 22 0 8 26
 1 3 8 24 1 3 11 27 67 0 0 0 60 17 3 85 132 1 0 3
 132 80 26 31 13 0 0 25 11 6 34 132 1 1 3 7 47 36 27 4
 49 9 0 3 14 19 1 6 132 85 11 0 41 102 77 16 10 22 28 26
 11 8 44 61 6 2 10 108
23.98 11.65 1.11 -1.245
 1 1 38 93 42 18 51 24 62 114 61 5 5 59 31 2 121 109 2 0
 6 13 10 2 12 3 0 0 4 15 41 29 37 0 0 13 27 42 54 129
 67 18 0 0 129 129 32 14 129 59 0 0 11 11 2 17 34 3 0 3
 1 1 1 10 32 1 1 1 21 7 1 85 25 0 0 10 129 109 8 18
 129 3 0 2 16 22 7 51 31 1 1 4 1 0 1 9 1 1 3 42
 13 1 2 8 36 5 8 129 58 11 0 12 128 3 1 9 6 2 0 65
 10 1 0 0 0 0 1 12
23.55 28.35 0.89 1.400
 6 2 0 1 133 57 1 4 112 42 0 0 19 10 2 56 90 109 0 0
 0 0 2 18 13 44 0 2 10 0 0 0 11 0 0 0 133 61 0 3
 133 8 0 0 41 15 7 71 59 39 0 0 3 45 18 33 30 93 1 0
 4 6 1 0 6 1 0 6 133 30 0 0 133 41 0 3 72 6 1 11
 98 13 0 0 21 60 7 11 10 68 12 12 34 19 1 0 2 0 0 12
 133 47 6 3 133 3 0 1 44 20 15 91 78 1 0 0 36 27 3 40
 4 19 5 8 81 53 1 0
23.14 77.60 1.02 -0.658
 20 19 0 0 82 75 0 0 133 87 0 4 10 2 0 0 30 14 2 109
 85 0 0 0 0 0 25 103 30 0 5 19 20 2 0 16 133 16 0 1
 133 25 0 4 30 5 0 22 45 7 0 55 117 77 40 13 0 0 0 20
 24 16 98 133 18 1 0 34 133 12 0 3 133 24 0 1 16 6 1 25
 73 7 0 0 6 49 59 24 1 0 0 0 1 9 77 54 12 0 1 6
 88 32 4 8 133 1 0 0 12 5 0 53 61 0 0 0 0 0 4 27
 0 0 0 0 1 3 7 2
21.04 57.55 1.03 -1.029
 24 131 71 17 2 17 15 1 87 131 4 0 3 32 0 0 7 8 0 0
 6 131 45 0 9 2 5 5 4 66 101 64 41 20 0 0 35 131 77 15
 131 78 0 0 6 14 7 16 55 12 0 3 18 19 10 4 0 1 16 50
 103 43 13 2 16 0 0 0 131 60 9 18 131 2 0 0 24 11 3 87
 49 7 5 9 8 2 1 13 0 1 1 6 46 103 11 2 18 0 0 5
 121 19 2 16 113 0 0 7 11 5 2 70 9 8 32 46 7 0 0 7
 9 26 31 5 1 9 3 1
20.89 36.70 1.09 -1.153
 13 105 93 54 8 15 7 2 83 129 10 0 0 0 0 2 19 12 0 9
 54 0 0 0 0 0 6 60 129 2 0 1 29 19 4 7 23 121 114 33
 129 49 0 1 4 13 20 43 51 4 1 6 48 10 0 1 0 0 0 8
 129 88 33 15 15 3 0 10 129 45 17 19 129 22 1 7 31 10 5 43
 48 4 14 25 8 11 3 7 3 14 17 7 13 57 47 7 12 2 0 3
 97 22 5 13 80 6 5 30 18 8 5 65 21 14 60 129 10 0 0 10
 73 66 45 26 0 0 1 14
19.42 54.43 0.99 2.286
 1 0 0 1 7 26 62 52 5 0 0 55 58 0 7 58 70 2 1 63
 55 0 0 27 68 0 3 7 5 1 0 36 3 1 2 14 15 6 8 10
 8 3 5 135 113 0 0 3 135 16 8 63 27 0 0 28 74 0 1 24
 38 4 0 18 7 2 2 19 69 3 2 6 27 15 4 119 135 2 0 1
 135 97 19 25 16 0 0 25 38 18 29 123 28 0 0 4 9 46 3 2
 55 15 0 0 3 18 7 25 135 86 0 0 28 135 71 13 29 24 4 4
 25 43 90 57 1 0 0 32
19.42 54.43 0.99 -1.304
 1 18 41 47 23 27 77 10 67 125 28 0 0 23 44 8 94 125 0 0
 0 4 3 1 6 3 0 2 25 17 11 2 27 0 0 0 11 57 119 97
 60 19 0 0 65 125 71 11 125 79 0 0 5 8 2 11 26 13 4 6
 7 4 1 4 106 8 0 0 18 21 4 37 20 0 0 0 125 125 6 11
 125 8 0 0 15 25 4 33 35 3 8 29 18 0 0 5 98 30 0 0
 5 2 0 8 7 4 0 0 111 51 0 2 125 11 0 1 32 17 0 4
 25 6 4 62 78 0 0 0
19.51 33.36 1.03 2.021
 27 0 0 54 29 10 32 124 39 0 1 14 46 13 7 118 98 13 2 10
 28 8 1 11 31 3 1 41 48 1 0 1 1 3 1 4 16 13 66 119
 7 6 6 99 124 6 8 27 124 36 11 40 24 1 0 8 40 3 0 22
 124 8 0 3 16 11 1 3 26 1 2 7 11 5 5 35 124 19 1 5
 124 83 42 22 33 6 1 18 27 18 29 99 62 0 0 5 39 3 0 1
 24 2 1 5 0 2 8 32 124 55 0 0 10 114 95 30 55 45 10 8
 40 44 63 34 2 0 2 62
19.51 33.36 1.03 -1.307
 0 2 9 64 55 39 67 20 80 85 20 5 4 52 92 30 120 71 1 0
 0 0 2 10 9 2 0 2 40 23 0 0 63 0 0 4 24 26 54 89
 34 12 1 4 120 99 71 22 120 63 1 3 15 5 3 14 26 5 6 19
 6 10 4 1 120 29 0 2 16 6 0 17 19 3 0 1 120 76 7 18
 120 14 2 14 19 17 7 66 25 7 25 120 23 0 0 3 112 19 0 0
 4 4 4 29 15 5 0 1 90 38 2 6 49 31 4 34 48 7 1 9
 23 3 3 120 108 0 0 23
19.00 7.50 0.94 -1.882
 38 19 2 2 129 50 1 13 129 15 0 0 13 17 39 79 18 4 0 0
 1 129 71 11 35 37 0 0 2 122 51 10 44 67 44 54 61 12 3 2
 129 49 3 11 14 3 0 6 70 7 1 2 3 45 4 3 1 2 2 7
 91 106 20 0 15 14 16 12 0 19 129 29 129 9 1 3 0 2 66 129
 49 4 3 7 4 1 1 15 0 0 1 24 129 18 1 1 0 0 3 2
 0 8 129 8 3 0 1 7 6 2 64 44 12 0 0 2 5 4 3 19
 1 0 0 0 53 74 9 3
16.79 108.35 1.10 2.401
 33 2 6 5 5 0 10 123 16 0 0 0 3 24 91 123 123 4 0 0
 1 7 14 86 47 2 0 1 8 5 0 8 123 14 0 0 2 9 5 100
 97 9 1 30 74 36 26 56 123 16 0 9 28 10 2 10 57 12 1 1
 1 3 1 2 123 78 0 0 37 51 1 2 106 62 6 28 81 7 0 4
 123 22 0 6 22 4 0 32 47 12 2 2 0 3 2 12 58 60 0 0
 105 66 0 0 66 118 19 23 11 1 0 0 90 78 10 13 3 0 0 2
 54 27 0 0 1 3 1 3
15.77 34.49 1.03 -3.111
 0 0 35 47 1 1 4 3 0 2 91 91 0 0 3 1 4 15 115 44
 1 3 13 18 4 10 34 20 1 2 19 28 9 7 55 115 68 0 0 1
 115 36 78 58 3 1 20 47 20 8 17 10 0 1 95 115 3 2 19 17
 0 0 44 62 15 2 1 37 115 102 41 11 115 72 16 4 3 15 46 41
 21 50 115 12 0 1 20 19 0 1 107 88 1 3 14 4 0 0 0 0
 4 96 68 1 6 9 3 0 0 38 115 10 1 7 24 3 0 12 115 3
 0 0 12 12 1 7 115 10
16.20 7.43 1.04 2.928
 45 16 29 2 0 0 7 126 1 7 67 2 1 2 6 28 2 16 22 1
 2 5 10 2 3 15 6 0 0 1 5 6 21 67 126 4 0 4 56 18
 9 35 126 12 11 21 16 3 113 120 75 1 1 2 1 9 30 10 1 0
 3 10 4 3 0 3 88 74 8 10 126 21 50 10 59 92 54 39 27 26
 126 17 5 3 4 1 0 73 40 2 0 0 11 7 0 7 0 0 98 64
 0 0 111 44 23 3 36 34 0 0 119 126 83 1 1 0 0 0 11 126
 9 1 1 0 1 5 2 7
16.20 7.43 1.04 -1.963
 93 130 2 0 42 35 0 0 60 52 9 10 125 69 1 11 130 41 0 1
 11 19 22 35 15 4 0 0 1 121 44 3 39 92 6 0 64 130 27 5
 45 94 54 55 36 15 51 16 130 56 3 13 8 2 12 35 42 6 2 5
 11 12 2 2 1 1 0 0 9 130 126 5 6 4 4 2 0 23 130 41
 65 2 0 3 3 2 112 124 20 1 1 3 8 6 3 16 1 1 0 2
 1 7 18 1 0 0 6 11 1 3 44 5 0 0 4 9 5 1 23 11
 9 0 0 1 2 2 4 14
15.01 11.26 0.98 -1.418
 1 0 0 39 121 1 0 0 121 0 0 29 76 0 0 51 73 1 8 73
 44 0 0 40 0 2 84 88 20 2 9 2 5 0 0 45 121 1 0 0
 121 7 0 19 76 0 0 19 70 6 0 74 121 2 3 20 10 0 2 22
 34 27 72 75 4 0 0 11 121 71 3 1 121 41 17 11 43 43 14 9
 66 22 29 55 48 1 1 40 74 0 0 1 8 14 13 87 0 0 0 0
 21 93 12 0 3 5 5 0 4 121 73 3 46 3 10 3 0 22 44 90
 39 0 1 0 1 1 0 48
13.58 113.56 0.90 3.017
 1 0 0 115 119 0 0 0 119 2 0 42 56 0 0 65 119 9 8 35
 9 0 0 66 6 0 7 58 13 0 5 28 13 1 0 119 119 0 0 3
 119 15 4 17 25 0 0 58 86 26 37 26 2 0 0 13 51 3 3 7
 3 0 6 79 22 7 0 45 97 4 0 0 119 88 9 3 7 0 0 3
 93 46 33 4 0 0 0 32 119 3 0 0 0 0 0 76 4 4 0 0
 55 73 3 0 51 94 0 0 8 22 0 0 119 65 0 0 0 0 0 38
 88 5 0 0 0 0 0 48
13.47 48.47 1.12 1.868
 64 14 1 10 4 1 0 0 1 19 35 80 27 12 5 0 20 79 28 9
 1 6 32 15 4 5 0 2 5 1 5 12 91 24 2 19 27 10 0 0
 21 37 26 102 139 27 0 2 139 139 21 16 23 2 0 11 32 11 5 16
 1 0 0 2 114 77 2 9 31 9 0 0 40 5 1 29 139 45 2 20
 139 9 0 2 34 10 4 88 26 1 0 4 2 2 9 16 67 128 66 33
 19 1 0 0 68 17 45 123 89 1 0 11 139 3 1 4 6 0 1 45
 11 0 1 1 1 0 3 4
13.47 48.47 1.12 -1.206
 1 0 3 3 5 0 1 1 3 0 1 62 136 1 0 2 62 0 0 25
 90 13 40 116 16 1 0 0 55 120 83 46 1 2 9 16 20 1 1 5
 27 7 5 111 136 6 0 2 136 24 3 29 45 3 1 45 35 6 0 0
 123 64 3 16 1 0 0 2 34 9 6 14 23 1 0 16 136 120 19 19
 136 17 0 3 23 31 23 105 28 9 0 1 103 17 2 16 5 1 10 16
 5 5 0 2 1 8 34 10 23 78 29 12 24 9 2 0 1 17 33 89
 2 0 0 2 79 12 2 10
13.04 89.72 0.93 2.435
 92 25 9 55 65 11 2 12 143 35 7 22 23 6 1 36 89 3 0 2
 1 3 0 18 0 0 3 3 7 54 6 0 90 108 28 44 63 5 2 10
 143 27 6 11 20 3 3 76 86 14 23 8 0 0 0 8 0 6 14 12
 4 2 0 0 89 143 24 3 3 0 0 2 143 112 5 1 0 0 1 20
 50 24 22 4 0 0 13 19 8 8 2 1 3 3 9 8 49 143 16 2
 9 13 0 0 143 143 3 0 0 0 0 4 50 95 3 0 0 0 13 17
 5 4 0 0 0 0 16 7
13.04 23.89 1.06 2.565
 26 0 13 7 0 0 1 75 1 7 35 14 2 5 4 4 0 2 25 125
 28 16 12 0 0 0 121 125 8 11 35 9 9 8 63 125 14 0 0 11
 85 69 86 40 7 7 1 3 20 6 8 82 82 115 88 6 0 0 19 47
 15 35 125 70 19 7 16 125 64 2 13 59 125 27 13 14 1 2 6 125
 38 0 0 1 3 27 46 20 0 0 0 1 9 9 61 18 1 0 1 21
 7 1 54 125 11 0 0 1 0 0 15 125 1 0 0 4 6 2 2 10
 0 0 0 1 3 1 2 4
12.60 66.07 0.93 2.416
 52 48 0 0 46 68 0 1 144 132 0 0 1 2 0 2 29 26 2 0
 17 79 6 1 0 0 0 0 4 98 116 17 43 4 0 0 144 118 2 12
 144 28 0 0 5 7 1 40 75 17 2 0 0 2 4 26 4 4 1 0
 1 5 28 13 35 2 0 13 144 22 1 9 144 26 0 1 12 2 1 52
 62 33 8 0 0 0 6 22 5 16 4 0 0 0 1 6 28 0 7 44
 103 11 2 42 142 0 0 0 3 2 2 144 18 0 0 0 0 0 13 38
 1 0 0 0 0 0 4 7
10.36 58.54 1.02 1.207
 34 75 3 5 76 62 1 0 87 140 2 2 2 0 0 0 10 18 3 3
 0 0 0 0 0 2 0 0 0 0 0 0 21 40 69 140 98 10 0 0
 140 140 13 16 5 0 0 5 81 27 5 4 4 5 2 3 9 8 1 0
 0 0 0 1 30 10 60 77 5 25 140 89 140 19 5 3 0 0 36 140
 92 1 0 1 1 12 10 23 4 1 0 2 0 3 6 4 0 0 28 2
 0 20 140 57 19 10 18 4 1 0 66 112 16 16 9 12 0 0 0 10
 6 5 6 10 0 0 0 0
10.41 34.55 1.01 1.560
 15 4 0 0 117 119 2 3 145 26 0 0 20 24 2 10 71 14 1 1
 1 0 0 1 0 0 0 1 2 0 0 0 17 21 20 52 145 20 0 0
 145 12 2 14 49 8 0 11 97 5 5 7 0 0 0 7 1 3 2 1
 0 0 0 0 40 43 145 98 25 3 2 9 145 29 16 23 7 0 0 58
 75 9 8 15 3 3 4 14 15 6 2 1 0 0 0 4 46 14 30 4
 3 47 133 102 145 3 1 0 0 0 13 145 16 0 0 1 5 7 9 20
 5 1 0 0 0 0 1 5
7.56 99.15 0.93 0.446
 0 7 127 70 3 0 0 0 37 103 96 7 0 0 0 0 21 24 2 4
 3 2 1 0 5 9 2 1 1 1 0 0 22 28 70 150 20 0 0 0
 150 119 42 13 0 0 0 1 106 15 1 3 6 6 2 2 11 5 1 1
 2 2 4 9 73 13 11 109 34 0 0 37 150 20 2 2 0 0 0 108
 98 7 2 0 0 1 2 21 6 2 4 1 0 0 2 6 48 0 0 9
 17 1 20 150 150 0 0 0 0 0 1 150 19 0 6 5 2 1 1 21
 3 2 12 2 0 0 0 3
