93 128
19.09 70.91 6.97 -1.467
 16 11 1 0 0 0 0 1 143 142 12 3 5 2 0 39 37 39 30 84
 88 41 2 12 0 0 5 13 8 9 1 0 44 4 0 0 0 0 0 7
 143 52 3 15 24 1 0 82 45 12 6 143 143 7 0 13 0 0 0 14
 16 0 0 0 66 2 0 0 0 0 0 4 143 54 13 39 31 0 0 18
 14 11 10 131 143 1 0 1 0 0 0 3 9 0 0 0 57 0 0 0
 0 0 0 10 143 17 1 12 46 3 1 43 3 2 0 41 143 2 0 1
 0 0 0 0 1 0 0 0
25.72 88.46 3.84 2.262
 0 0 0 0 0 0 0 0 6 0 0 0 0 0 25 16 98 0 0 0
 0 1 26 111 18 0 1 7 10 39 50 50 20 0 0 0 0 4 4 8
 108 3 0 0 1 6 111 101 70 5 15 15 18 16 111 104 17 4 34 69
 57 7 3 11 29 18 0 0 0 75 95 12 111 38 3 6 17 33 76 57
 24 30 35 58 111 35 15 7 0 3 107 105 54 9 0 0 96 82 0 3
 13 18 31 4 14 42 24 35 111 44 27 6 2 59 85 59 103 24 0 0
 0 0 8 37 76 11 0 0
30.21 97.87 3.59 2.392
 0 0 0 0 0 0 0 0 6 0 0 0 0 0 0 7 17 0 0 0
 0 16 67 53 63 0 0 0 0 18 53 73 2 6 0 0 0 11 11 1
 41 4 0 0 0 111 53 16 117 21 0 4 5 35 76 81 31 19 13 44
 47 44 82 32 52 117 2 0 0 9 10 2 85 63 1 12 20 117 117 15
 114 77 9 36 60 48 63 25 27 48 19 45 117 50 0 0 75 33 0 0
 0 0 0 0 117 59 3 27 51 22 7 11 12 68 23 51 117 55 2 1
 9 70 70 44 64 17 0 0
30.21 97.87 3.59 0.387
 26 28 57 21 24 13 22 9 17 6 4 25 33 25 118 95 2 0 2 104
 90 27 59 85 18 0 0 13 45 13 37 118 118 90 66 11 0 0 3 3
 65 52 118 118 5 2 24 11 110 46 39 78 21 9 88 56 19 6 30 75
 9 9 90 89 11 35 28 4 0 0 0 0 65 22 71 48 0 0 0 15
 118 38 20 77 24 0 1 47 8 3 54 118 36 1 2 1 0 0 0 0
 0 0 0 0 7 0 0 0 0 0 0 0 19 5 1 21 16 0 0 0
 0 0 1 30 26 0 0 0
28.46 78.86 3.02 1.984
 0 0 0 0 0 0 0 0 78 2 0 0 0 0 0 31 119 3 0 0
 0 23 36 102 22 4 6 4 11 56 59 18 1 0 0 0 0 0 9 18
 99 10 0 0 0 0 74 54 119 40 3 6 10 4 21 47 7 10 20 19
 62 32 23 4 77 21 0 0 0 0 10 56 90 40 0 0 4 6 119 119
 47 21 32 25 82 25 88 59 2 22 112 79 42 11 8 0 49 36 0 0
 0 20 69 13 119 119 6 2 10 5 28 29 9 45 14 17 119 100 9 1
 0 2 48 35 58 98 0 0
28.46 78.86 3.02 0.667
 55 51 15 2 0 0 10 69 35 17 18 7 14 14 35 52 9 2 9 33
 48 55 46 18 0 0 0 23 118 66 22 8 24 122 70 0 0 0 0 5
 25 119 122 1 0 4 3 5 85 61 69 30 26 34 41 25 5 0 2 21
 39 63 122 57 0 16 17 0 0 0 0 0 105 55 46 0 0 0 0 16
 122 90 91 17 0 4 11 53 21 17 122 82 4 16 42 16 0 0 0 0
 0 0 0 0 18 28 4 0 0 0 0 0 23 72 122 20 0 0 0 3
 83 27 93 24 0 0 1 53
14.34 85.09 3.11 -0.762
 0 0 0 0 0 0 0 0 66 9 0 0 0 0 6 36 76 16 0 0
 7 79 101 65 96 30 0 0 10 75 25 31 1 0 0 0 0 0 28 49
 89 23 0 0 0 20 95 37 116 85 0 0 23 48 17 39 47 20 20 10
 72 93 10 28 69 2 1 0 0 1 26 116 25 12 4 3 6 85 116 72
 110 36 48 12 14 28 26 91 12 17 39 37 116 28 1 9 80 18 5 2
 3 8 22 50 19 18 11 33 47 13 11 21 3 37 100 84 70 3 1 2
 0 31 98 62 41 2 0 0
19.02 43.13 2.57 -1.206
 50 2 0 0 0 0 0 18 111 26 30 21 4 1 4 74 10 35 56 38
 103 25 11 8 12 54 38 23 52 20 9 0 48 12 0 0 0 0 15 56
 81 58 43 50 7 33 36 31 99 42 21 31 26 23 34 49 2 1 3 29
 111 53 44 10 97 2 8 5 0 3 27 111 30 8 25 29 92 111 70 58
 111 87 49 56 54 33 13 32 4 8 24 111 103 6 5 5 106 25 30 35
 2 0 1 31 27 10 49 52 42 12 27 29 1 16 19 34 94 52 47 9
 0 1 9 41 29 3 0 0
19.06 21.49 2.58 -1.199
 46 2 0 0 0 0 0 17 112 22 30 32 1 0 1 65 15 8 51 54
 55 22 22 20 7 25 22 26 56 36 29 4 37 2 0 0 1 6 17 110
 66 32 39 34 22 47 35 41 112 27 26 42 29 11 31 71 4 2 2 95
 112 21 23 14 112 11 1 1 3 14 12 112 20 16 14 7 29 101 109 39
 65 35 48 93 87 49 42 12 1 3 18 112 59 0 0 0 67 98 44 14
 1 1 0 5 35 66 84 46 23 7 4 7 7 16 10 68 112 7 1 0
 0 0 1 19 17 0 0 0
18.05 100.44 2.35 2.891
 53 10 0 0 48 58 12 24 6 0 0 2 57 119 58 18 104 1 2 3
 2 10 18 119 20 0 13 26 17 57 13 24 37 3 37 54 7 21 6 31
 28 7 23 119 42 57 19 5 119 15 8 29 25 9 4 40 7 3 30 113
 60 4 0 3 11 1 11 74 95 16 3 7 79 24 14 119 48 0 0 2
 119 57 10 23 49 4 1 24 2 3 4 81 119 3 0 1 0 1 7 26
 119 12 2 3 21 35 1 22 80 4 0 0 38 119 56 30 11 0 0 0
 0 5 26 74 58 0 0 0
18.05 100.44 2.35 -0.990
 0 13 1 0 0 7 40 9 50 121 3 0 0 11 15 1 71 121 17 4
 9 4 0 6 13 6 2 1 49 101 4 7 50 26 0 0 1 55 116 58
 57 12 0 0 15 121 60 9 121 32 9 1 0 12 4 48 27 9 33 7
 53 46 3 31 96 121 3 0 3 14 6 6 27 47 6 2 45 121 11 6
 78 36 70 31 33 70 8 10 5 86 121 38 6 5 0 1 89 40 0 0
 0 14 21 24 81 27 8 1 21 31 3 34 2 1 12 17 121 98 1 2
 0 36 31 12 27 20 0 0
11.18 95.87 2.82 3.094
 22 2 53 55 18 36 3 43 54 5 27 76 38 79 21 53 63 3 36 46
 19 15 8 110 16 6 48 51 27 60 18 14 12 3 32 122 100 6 2 3
 122 36 31 90 14 1 0 69 58 10 22 122 122 3 1 34 77 71 49 82
 20 0 0 3 8 10 7 80 122 0 0 0 109 122 50 32 13 0 0 4
 14 37 60 122 86 0 0 1 8 46 17 19 13 0 0 0 0 6 5 19
 50 0 0 0 0 16 15 2 3 0 0 0 0 3 19 17 0 0 0 0
 0 0 0 1 0 0 0 0
11.18 95.87 2.82 -0.520
 0 0 0 0 0 0 0 1 0 0 0 0 0 4 22 15 45 32 0 0
 0 13 14 2 126 66 0 1 0 4 35 15 22 1 0 0 0 0 1 8
 126 6 0 0 4 43 74 97 44 6 0 0 59 126 58 24 126 50 2 2
 5 9 2 42 26 1 0 0 3 58 66 18 126 35 0 1 16 20 9 43
 65 19 3 4 126 101 10 41 85 25 21 1 15 13 13 126 15 17 5 3
 35 82 36 31 63 21 15 2 12 21 15 126 20 15 15 44 126 25 5 29
 34 83 83 20 26 3 0 8
31.25 112.06 1.84 2.707
 3 6 0 0 0 0 0 0 41 65 0 0 0 0 14 8 18 22 0 0
 18 53 125 16 0 0 0 1 88 97 39 0 6 16 0 0 0 0 0 0
 97 125 0 0 0 0 1 9 125 125 1 3 51 33 18 24 3 1 0 3
 125 125 88 2 3 0 0 0 0 0 0 1 125 15 0 0 0 0 0 87
 125 14 6 13 2 11 5 125 7 1 36 40 12 56 67 6 2 0 0 0
 0 0 0 0 125 31 0 0 0 0 0 21 125 43 8 38 24 2 0 24
 0 4 43 79 41 5 0 0
31.04 87.63 2.04 2.558
 0 0 0 0 0 0 0 0 0 0 0 0 0 0 15 20 0 0 0 0
 0 16 43 11 13 0 0 0 0 9 2 13 12 1 0 0 0 2 1 10
 91 12 0 0 0 4 58 124 15 2 0 0 66 124 124 71 30 0 0 0
 21 53 85 50 20 6 0 0 28 45 13 7 124 73 0 0 1 4 6 75
 104 19 4 18 44 123 75 39 11 6 8 56 44 49 124 32 3 0 0 0
 44 63 124 19 124 35 1 4 13 18 43 75 78 24 16 82 46 12 4 19
 4 11 23 124 68 6 2 0
26.05 42.98 2.08 1.405
 33 21 0 0 0 0 0 0 59 88 46 50 8 3 10 10 67 101 23 42
 8 10 26 14 34 48 34 34 48 11 31 43 32 3 0 0 0 0 0 8
 119 15 8 5 5 35 76 119 24 72 24 8 71 119 70 19 19 68 116 49
 19 22 13 20 46 6 0 0 0 0 0 0 119 92 13 33 10 7 6 18
 28 29 19 99 111 107 12 6 78 20 2 1 14 86 28 35 10 6 0 0
 0 0 0 0 74 103 15 21 3 0 1 1 31 87 30 64 10 11 7 3
 50 67 4 0 0 44 54 27
26.05 42.98 2.08 -1.158
 66 41 30 59 36 0 1 14 74 64 14 40 61 5 8 8 3 9 4 10
 91 37 64 30 0 7 24 21 53 18 9 1 26 18 22 25 35 112 60 17
 121 37 8 20 15 17 35 96 18 6 4 121 121 26 79 51 0 0 0 49
 97 3 1 0 9 21 34 37 121 71 20 7 110 121 65 41 57 22 20 12
 10 27 66 121 70 2 2 3 0 0 0 32 19 0 0 0 16 20 12 26
 37 7 42 46 0 7 11 35 99 54 65 26 0 1 12 32 37 7 0 0
 0 0 0 1 0 0 0 0
25.10 23.92 2.05 1.497
 9 3 0 0 0 0 0 3 105 106 3 0 0 5 9 38 33 102 97 38
 13 25 44 12 28 40 45 51 38 6 6 2 38 1 0 0 0 0 0 8
 127 15 2 1 7 43 39 120 18 25 73 29 95 127 29 22 31 61 48 32
 17 25 13 30 50 3 0 0 0 0 0 0 127 54 7 26 12 7 2 7
 39 16 10 100 127 87 10 8 92 6 0 2 32 55 32 61 21 5 0 0
 0 0 0 0 113 81 30 31 4 0 3 5 56 55 33 78 13 8 15 8
 61 31 6 7 19 13 50 43
23.54 73.23 1.97 2.292
 13 0 0 0 0 0 0 9 90 0 0 3 4 1 1 125 11 1 24 44
 34 22 35 98 28 1 4 18 64 61 22 17 49 0 0 0 0 8 6 10
 125 3 0 2 11 17 4 63 35 23 16 29 41 55 50 54 18 37 9 4
 50 125 44 20 20 0 0 0 8 67 77 64 125 28 0 5 21 9 34 66
 58 55 19 59 125 44 7 6 71 93 13 14 93 27 4 8 2 0 1 22
 28 49 94 50 36 73 12 46 76 15 25 17 39 98 18 8 35 80 33 6
 32 7 9 78 44 23 31 22
23.54 112.82 2.16 2.601
 9 52 0 0 0 0 0 0 81 129 3 0 4 4 19 14 35 33 0 1
 105 108 68 9 11 1 0 2 33 55 129 18 14 7 0 0 0 0 0 3
 129 50 0 0 0 0 0 81 117 13 29 49 14 32 38 42 4 4 26 119
 92 31 56 1 9 1 0 0 0 0 0 0 129 88 1 2 1 0 0 17
 92 44 19 57 72 26 6 9 3 4 16 97 129 15 2 0 0 0 0 0
 0 0 0 0 67 9 0 0 0 0 0 18 63 6 2 1 40 48 16 35
 0 0 0 6 129 64 3 0
23.27 92.67 2.02 2.572
 16 4 0 0 5 15 2 4 115 38 0 0 1 4 10 60 40 8 0 0
 47 99 58 26 10 1 0 7 19 34 105 28 7 1 0 0 39 45 78 17
 115 27 0 1 1 6 22 90 74 11 16 71 22 24 19 27 6 10 22 115
 47 11 23 3 0 0 5 32 48 56 115 8 115 68 5 37 54 25 22 13
 75 35 5 35 75 45 3 3 1 7 7 61 115 20 0 0 0 0 25 89
 69 3 2 0 109 55 4 56 53 0 0 0 115 60 4 2 59 32 3 4
 0 1 1 5 115 35 0 0
23.30 36.62 2.24 1.999
 6 0 0 0 0 0 0 3 111 12 10 6 0 0 0 97 65 10 49 76
 67 10 3 60 14 9 9 23 88 16 23 33 13 0 0 0 0 0 13 51
 74 46 44 10 7 41 48 50 108 21 60 38 10 32 22 44 38 0 1 26
 53 38 45 83 95 4 10 4 1 3 14 111 35 8 19 47 111 93 53 78
 111 111 35 14 50 22 18 20 15 29 60 111 49 10 30 16 95 23 43 17
 0 0 0 29 28 9 41 56 90 24 4 15 21 35 22 10 55 36 34 55
 0 9 41 48 33 20 5 0
20.20 15.50 1.79 -3.074
 1 2 12 30 20 66 109 2 0 0 1 12 27 82 64 31 0 0 0 2
 1 5 109 57 0 1 5 3 1 11 109 5 25 13 109 109 12 8 5 3
 109 21 16 30 20 11 40 109 6 3 13 95 63 24 87 58 0 10 99 56
 11 26 39 1 36 7 16 15 11 26 29 44 109 71 22 8 6 0 36 49
 14 20 26 35 52 48 34 24 1 0 13 28 73 109 27 3 20 68 25 14
 5 3 8 17 9 74 91 0 0 0 38 21 7 10 109 54 4 1 15 22
 0 0 19 109 54 6 1 1
20.11 65.87 1.88 -0.118
 3 2 0 0 17 83 103 10 28 0 0 0 13 44 18 114 17 4 10 43
 24 1 37 114 37 44 18 22 13 18 49 17 31 22 20 91 61 34 15 7
 114 20 4 30 50 21 4 100 38 8 6 52 114 31 21 68 72 19 6 32
 36 6 20 98 26 5 53 114 4 3 1 29 114 68 30 19 5 7 25 56
 48 50 54 19 28 20 24 37 16 5 15 114 24 2 16 49 47 30 8 16
 11 11 1 22 40 52 77 4 0 15 35 40 14 7 91 85 0 6 18 22
 3 1 22 114 2 0 0 0
17.06 72.39 2.03 2.702
 57 0 0 0 1 4 19 93 50 2 4 19 29 23 16 105 6 9 23 26
 43 61 53 14 30 1 1 15 46 38 7 64 76 8 3 21 17 18 60 64
 71 24 17 107 80 14 4 33 97 64 14 39 92 29 14 12 44 55 20 32
 106 23 2 13 105 71 14 66 20 6 1 2 69 33 17 27 76 96 25 23
 73 8 13 107 70 13 16 39 0 15 21 88 81 0 0 0 26 88 19 17
 13 0 0 0 11 72 107 48 3 12 3 1 0 0 63 107 6 2 2 1
 0 0 1 33 7 0 0 0
17.06 72.39 2.03 -0.798
 14 0 0 0 0 0 0 61 13 7 8 2 0 7 75 113 5 9 6 0
 17 113 95 20 83 4 0 0 5 34 10 63 113 1 0 0 2 1 1 69
 72 37 36 35 72 23 5 72 69 88 26 7 55 80 8 14 54 15 37 26
 42 46 8 35 113 26 0 0 4 27 42 17 99 45 7 6 61 105 18 17
 103 27 8 13 70 37 18 55 4 5 26 55 113 7 0 1 17 37 8 18
 72 45 20 5 38 109 49 24 15 12 6 11 28 33 28 49 37 5 9 20
 2 3 1 52 113 0 0 0
15.19 37.60 1.89 2.871
 6 37 64 87 23 14 45 19 13 9 11 98 80 26 17 56 21 54 19 3
 16 9 43 85 2 31 57 54 15 10 18 5 8 8 46 110 16 15 30 7
 118 36 16 37 4 9 17 118 35 21 23 13 52 83 62 93 0 0 24 48
 32 39 103 32 2 1 14 70 47 42 78 30 65 118 57 35 34 18 7 6
 15 85 118 53 5 15 6 2 0 0 118 118 3 4 9 4 0 0 60 103
 9 0 2 1 0 7 18 35 6 0 0 0 0 6 54 6 0 0 0 0
 0 0 21 10 0 0 0 0
15.19 37.60 1.89 -2.215
 7 102 38 15 24 54 2 0 1 32 52 23 65 53 9 4 24 121 78 5
 5 8 25 9 4 29 85 67 60 22 6 6 11 78 71 10 3 0 0 1
 92 13 40 25 22 6 50 121 15 14 14 18 12 107 121 71 30 4 25 14
 9 94 48 37 21 11 1 0 0 0 0 0 121 121 2 4 1 0 3 37
 47 75 19 82 64 59 16 18 29 19 37 37 32 59 7 8 1 3 0 0
 0 0 0 0 34 121 0 0 0 0 0 0 20 121 40 8 22 38 0 0
 2 27 33 29 69 46 2 0
14.21 57.83 1.98 -1.949
 17 114 35 0 0 4 3 0 6 114 114 1 0 12 53 15 3 17 114 84
 26 12 32 22 33 50 52 45 30 8 0 3 17 25 12 0 0 0 0 4
 114 52 52 2 0 1 31 114 13 11 57 40 13 114 114 52 2 24 49 16
 13 114 15 7 23 8 0 0 0 0 0 1 114 114 7 10 1 0 3 27
 33 54 71 90 44 47 12 11 5 36 50 10 22 95 9 8 2 2 0 0
 0 0 0 0 62 102 1 0 0 0 0 0 32 99 32 19 51 42 0 0
 10 56 27 15 40 17 3 2
13.13 77.96 2.05 -2.854
 3 21 84 74 18 1 0 4 21 26 116 46 12 32 2 23 17 4 31 32
 12 39 57 110 6 6 39 32 17 9 59 59 16 4 48 116 11 0 0 1
 116 36 47 16 7 0 0 107 45 12 29 94 99 21 15 91 60 19 55 58
 13 9 16 92 13 7 1 24 2 0 0 0 108 116 38 1 3 0 0 6
 15 105 116 13 42 27 21 17 7 5 116 116 2 5 17 51 0 1 0 0
 0 0 0 0 0 28 17 0 0 0 0 0 0 33 97 3 0 0 0 0
 0 2 64 29 0 0 0 0
29.54 102.80 1.78 0.953
 1 30 95 68 0 0 0 0 25 73 118 25 0 0 0 9 36 11 67 53
 1 32 74 48 0 0 42 20 2 72 93 1 2 1 8 4 0 0 7 13
 72 28 2 0 0 2 57 32 118 58 0 0 3 18 42 61 15 2 3 19
 43 82 79 3 79 4 0 0 0 0 9 40 95 11 1 7 1 7 118 100
 78 10 56 33 3 3 73 102 10 25 69 9 18 37 25 3 53 10 0 0
 0 0 0 0 113 55 13 69 12 0 8 7 0 12 98 118 27 0 5 2
 0 50 118 13 0 0 0 0
29.54 102.80 1.78 -0.393
 28 2 0 5 118 14 3 59 67 7 13 0 3 14 18 118 19 5 9 11
 12 22 45 60 7 0 0 84 115 11 1 12 36 37 25 46 114 30 1 17
 44 85 118 12 0 0 1 28 64 110 80 14 39 8 5 9 4 3 0 74
 118 67 1 1 0 4 14 87 82 15 0 0 68 31 59 7 1 0 0 17
 118 81 67 2 8 11 0 47 9 7 64 16 54 118 2 2 0 0 4 36
 63 15 0 0 16 23 5 0 1 0 0 0 18 65 105 0 0 0 0 1
 0 8 79 7 4 2 0 0
27.46 84.07 1.51 1.236
 0 22 7 0 0 0 0 0 44 82 48 0 0 0 0 12 50 64 71 3
 2 26 25 41 0 6 119 20 7 50 15 1 10 0 0 0 0 1 24 37
 96 13 0 0 0 20 79 37 119 36 0 0 6 45 37 55 8 1 5 13
 39 119 30 2 119 18 0 0 0 1 18 56 67 18 10 2 0 35 119 71
 76 17 17 2 11 11 80 105 7 5 2 16 78 79 15 7 73 74 4 0
 0 0 0 1 44 95 119 31 0 0 12 5 0 119 119 21 0 2 8 5
 0 61 66 13 4 36 13 0
27.46 84.07 1.51 -0.305
 14 1 0 10 121 15 8 50 25 2 10 1 6 13 39 121 13 7 8 4
 2 19 81 77 13 0 0 58 64 11 5 40 23 45 54 69 64 2 2 24
 36 59 121 30 0 0 5 43 83 104 72 16 18 2 11 12 7 5 0 121
 121 16 0 2 1 12 43 78 38 0 0 0 87 39 90 9 0 0 0 26
 121 68 68 19 13 2 0 40 10 4 40 92 121 29 0 0 0 0 0 16
 4 0 0 0 25 42 12 0 0 0 0 2 17 56 121 19 0 0 0 1
 0 0 72 76 5 0 0 0
27.60 61.50 1.63 1.286
 17 37 2 0 0 0 0 0 13 58 40 34 30 2 10 6 25 117 6 17
 15 9 16 1 24 117 38 0 0 15 30 16 20 3 0 0 0 0 0 15
 75 10 7 5 5 13 87 117 9 19 1 14 42 117 117 37 7 70 43 1
 2 18 114 63 43 10 0 0 0 0 0 3 117 78 1 13 26 10 7 35
 82 24 3 58 117 71 25 31 82 26 35 27 6 8 81 77 11 6 0 0
 0 0 0 0 111 117 5 0 4 7 0 0 35 117 16 0 16 72 44 14
 23 23 20 22 20 61 43 20
27.60 61.50 1.63 0.084
 4 3 116 60 1 4 11 37 24 3 91 120 5 0 8 27 120 39 21 24
 10 0 7 64 26 17 25 37 97 23 18 25 10 1 35 42 31 57 20 6
 106 19 12 8 5 18 50 120 51 55 51 4 9 108 89 53 48 47 67 18
 8 12 40 64 11 9 41 41 12 3 0 0 100 120 68 3 2 4 3 17
 10 85 120 4 4 47 37 11 4 8 120 106 0 3 32 32 0 1 1 0
 0 0 0 0 0 20 21 0 0 0 0 0 0 18 85 0 0 0 0 0
 0 2 62 19 0 0 0 0
27.48 57.29 1.56 0.011
 5 4 59 33 2 3 31 86 11 3 120 120 1 1 4 44 53 6 55 120
 9 0 8 29 120 48 26 9 13 1 4 34 0 1 58 46 18 84 68 1
 23 1 38 54 34 64 21 15 117 19 9 7 2 22 59 120 31 44 52 4
 5 89 78 39 0 0 120 62 9 15 12 0 25 19 39 68 26 12 2 1
 116 120 86 2 1 7 4 20 5 48 120 6 2 38 34 10 0 0 15 3
 0 0 0 0 0 3 4 2 0 0 0 0 0 28 34 0 0 0 0 0
 0 10 86 0 0 0 0 0
25.49 66.14 1.47 1.428
 41 2 0 0 0 0 22 73 11 1 1 7 22 70 108 45 10 47 2 2
 16 61 48 12 5 83 61 3 0 7 51 8 119 17 0 2 2 0 2 24
 74 10 3 80 94 36 15 19 87 10 6 23 28 24 85 88 6 6 32 5
 0 43 119 28 119 75 0 0 1 1 0 0 68 84 1 7 50 87 23 7
 95 20 17 19 19 45 52 39 6 26 119 51 28 31 7 2 14 66 0 0
 0 0 0 0 15 119 7 0 0 6 9 1 8 106 25 1 9 43 37 9
 0 13 13 6 26 119 32 0
24.13 101.03 1.65 1.053
 1 75 118 21 0 5 4 5 0 29 119 65 2 20 29 2 2 2 119 46
 1 6 17 13 1 0 119 62 1 0 1 2 19 56 60 13 0 0 0 2
 80 37 75 29 0 13 55 71 7 0 55 22 3 119 119 16 0 0 42 13
 1 64 81 0 27 5 0 0 0 7 66 25 119 35 0 0 0 6 34 69
 59 5 0 16 38 95 57 15 0 6 15 24 21 81 90 1 62 3 0 4
 0 12 109 52 43 4 33 18 0 6 83 84 19 23 43 6 21 29 8 14
 0 6 21 17 11 43 67 2
24.13 101.03 1.65 -0.907
 26 3 0 0 19 75 5 0 125 20 0 0 5 10 9 11 78 10 0 1
 7 17 43 49 24 2 0 4 103 26 1 11 15 2 2 0 92 125 2 5
 125 31 8 4 8 23 5 47 57 16 89 70 0 1 21 29 10 50 70 14
 41 38 3 4 31 25 5 1 51 125 5 3 57 66 52 21 51 118 5 5
 14 37 125 125 4 0 0 0 96 125 59 18 0 2 1 0 54 9 2 4
 39 26 5 28 0 0 5 27 125 69 1 0 3 5 10 19 21 12 0 0
 23 52 33 5 0 0 0 0
22.19 19.74 1.67 -0.978
 12 9 3 14 28 23 60 43 31 22 50 57 25 8 3 5 105 4 6 22
 6 7 29 69 3 0 0 38 21 12 60 82 3 0 0 96 52 28 58 52
 49 0 1 14 30 109 69 14 121 24 9 29 7 11 18 57 14 4 5 121
 70 3 21 17 31 47 25 33 13 20 40 65 25 44 7 12 121 121 49 10
 73 68 80 68 60 26 2 3 2 5 30 121 22 0 0 0 74 32 37 65
 2 2 1 13 72 30 6 70 121 2 0 4 0 1 17 39 81 0 0 0
 0 0 5 8 0 0 0 0
21.39 97.32 1.50 2.869
 0 0 0 25 60 51 66 0 6 0 0 1 4 31 72 23 76 4 0 0
 0 2 5 129 49 3 5 8 13 17 3 66 0 2 5 24 12 72 129 0
 30 5 1 63 91 87 72 10 129 34 1 13 15 6 2 69 19 8 27 89
 31 1 1 19 4 25 27 129 24 2 2 0 61 6 12 129 41 1 0 8
 129 14 2 13 18 7 0 51 15 3 1 35 80 38 10 6 5 4 2 121
 48 0 0 3 98 3 1 42 16 0 0 12 129 7 0 0 5 7 1 40
 8 0 0 30 99 31 3 3
19.22 81.23 1.57 2.888
 5 0 0 13 76 57 55 6 0 0 0 14 24 49 122 14 66 0 0 6
 7 26 35 122 31 3 7 49 27 9 4 58 1 18 68 52 6 20 28 3
 25 10 27 122 30 17 39 5 122 9 7 46 38 9 4 59 26 6 12 122
 85 6 0 15 4 15 27 101 37 5 6 5 79 19 16 122 12 0 0 3
 122 42 4 6 36 21 0 17 18 4 4 12 95 89 28 33 0 0 0 78
 87 8 2 0 25 31 1 24 10 0 0 0 57 122 52 1 2 3 0 0
 1 24 119 37 5 21 11 4
19.22 81.23 1.57 -1.013
 0 0 0 0 0 11 55 9 69 23 0 0 0 17 16 2 115 43 5 6
 5 3 12 22 77 25 2 2 9 12 10 35 3 9 15 0 3 82 125 56
 57 3 1 0 16 125 41 7 125 10 1 9 1 16 19 55 28 19 46 57
 6 1 11 47 14 107 94 26 25 24 5 8 39 73 11 0 42 125 7 4
 108 40 46 59 37 58 7 11 18 43 56 125 10 0 0 0 49 35 7 5
 49 79 12 10 125 46 1 0 42 37 5 13 2 5 22 30 125 74 0 0
 3 12 15 38 17 3 0 0
20.27 15.46 1.80 3.120
 0 1 1 8 7 25 109 4 0 0 0 8 22 61 49 15 0 0 0 1
 0 3 87 61 0 1 5 3 0 2 109 18 7 19 79 109 11 13 45 3
 90 9 17 71 33 23 30 109 15 1 13 89 47 13 96 109 0 11 93 81
 7 16 60 10 12 3 38 49 7 26 26 13 109 79 25 10 5 2 39 39
 31 41 60 44 63 35 44 19 10 3 11 27 41 90 74 8 17 28 14 38
 21 19 18 18 20 69 66 0 0 6 82 29 9 16 109 20 0 2 73 28
 9 1 28 109 43 7 6 13
13.72 27.83 1.47 1.610
 2 3 24 4 67 82 0 3 55 55 29 7 2 8 13 29 14 25 42 109
 31 19 8 2 0 0 0 24 16 0 0 0 13 1 10 25 130 78 1 10
 135 9 1 0 16 53 50 115 13 2 2 7 116 135 38 16 0 0 0 1
 25 14 0 0 58 10 10 16 33 76 13 18 135 36 0 1 34 61 13 33
 50 10 0 10 135 46 2 6 0 0 0 1 71 5 0 0 122 59 1 2
 4 35 19 12 55 13 6 14 32 44 77 75 15 0 0 53 135 3 4 15
 0 0 0 6 49 0 0 0
13.72 27.83 1.47 -1.155
 3 0 0 0 0 0 0 3 96 0 0 0 0 0 0 112 90 10 35 47
 14 0 7 121 11 43 54 27 61 35 14 8 23 0 0 0 0 0 0 6
 121 19 2 6 10 0 0 106 74 20 13 117 121 0 0 40 70 69 21 58
 53 1 0 0 18 2 0 0 0 0 12 27 121 101 37 22 6 7 21 17
 46 38 53 121 75 0 0 2 99 20 4 19 15 8 24 40 10 0 0 5
 5 4 31 121 2 6 9 27 86 51 54 34 51 7 16 29 26 10 8 1
 121 16 0 2 1 1 15 38
12.67 69.67 1.55 -0.919
 2 0 0 0 0 0 0 3 40 0 0 0 0 0 0 120 27 12 27 11
 1 3 48 122 0 23 20 1 15 104 60 10 24 0 0 0 0 0 0 6
 122 8 0 2 12 4 0 99 41 32 51 57 118 32 0 38 57 122 43 8
 20 28 0 1 22 4 0 0 0 0 12 5 122 74 0 0 6 7 4 5
 69 29 0 1 116 122 11 4 122 26 1 0 20 55 25 43 4 0 0 0
 1 28 96 66 78 78 0 0 11 68 39 3 51 122 20 8 9 53 11 0
 18 21 22 49 14 37 25 15
7.75 95.72 1.74 -0.503
 0 0 0 0 0 0 0 0 0 0 0 0 0 2 16 12 0 0 0 0
 0 12 16 1 8 13 0 0 0 1 0 0 14 0 0 0 0 0 0 7
 112 7 0 0 0 21 80 137 14 1 0 0 7 140 136 29 5 0 0 0
 14 74 5 0 25 5 0 0 0 0 0 1 140 65 0 0 0 5 10 32
 110 20 1 1 120 140 32 12 11 0 0 0 140 107 1 8 17 0 0 0
 1 24 5 6 140 27 7 1 0 0 0 37 85 68 18 5 113 14 0 2
 22 1 0 1 140 37 2 34
7.75 95.72 1.74 -2.596
 8 0 17 33 0 0 0 6 68 0 8 2 0 0 17 147 11 0 3 18
 18 2 69 147 3 1 39 82 42 8 16 47 45 2 0 0 0 0 0 7
 147 49 25 20 0 0 1 102 48 14 94 147 12 0 5 47 0 0 134 147
 25 4 1 0 18 12 0 0 0 0 0 0 85 125 119 29 0 0 0 0
 4 15 123 147 0 0 0 0 1 0 22 50 0 0 0 0 0 0 0 0
 0 0 0 0 0 4 11 1 0 0 0 0 0 0 8 4 0 0 0 0
 0 0 0 0 0 0 0 0
3.07 113.74 1.54 -0.088
 0 0 0 0 0 0 0 0 1 0 0 0 0 1 1 3 0 0 0 0
 0 9 1 0 0 0 0 0 0 0 0 0 33 1 0 0 0 0 0 9
 165 9 0 0 0 39 50 135 13 1 0 0 46 165 56 26 0 0 0 0
 12 39 0 0 52 8 0 0 0 0 0 2 165 75 0 0 2 17 10 42
 115 12 0 0 87 165 25 17 0 0 0 0 17 107 11 0 40 0 0 0
 1 0 0 29 165 10 0 0 0 0 0 159 105 8 1 6 8 74 11 37
 0 0 0 6 4 39 10 0
3.07 113.74 1.54 -2.494
 4 0 0 0 0 0 0 0 162 30 0 1 0 0 0 15 86 16 27 98
 7 1 4 8 0 0 89 162 34 9 1 0 56 0 0 0 0 0 0 8
 162 43 15 35 5 0 0 75 67 12 36 162 81 0 0 11 0 0 93 162
 12 0 0 0 24 1 0 0 0 0 0 0 115 78 86 63 2 0 0 2
 5 12 71 162 51 0 0 0 0 0 0 37 10 0 0 0 0 0 0 0
 0 0 0 0 0 0 5 5 0 0 0 0 0 0 7 17 0 0 0 0
 0 0 0 1 0 0 0 0
36.02 109.90 1.30 -2.828
 1 0 0 0 0 0 0 0 16 0 0 0 0 0 0 6 2 0 0 0
 0 0 0 1 0 0 0 0 0 0 0 0 20 0 0 0 0 0 0 4
 141 7 0 0 1 11 7 76 42 1 0 0 13 141 55 27 0 0 0 0
 0 123 16 0 20 3 0 0 0 0 4 10 141 61 0 0 0 2 5 68
 126 21 4 16 3 124 45 23 0 0 10 38 51 141 13 0 2 0 0 0
 0 0 105 110 79 2 0 2 4 0 47 141 43 1 18 141 50 6 0 41
 0 0 68 141 40 15 0 0
28.77 68.06 1.39 1.877
 1 0 0 0 0 0 0 0 69 0 0 0 0 0 2 79 63 1 16 28
 8 30 74 113 1 0 10 31 67 85 31 1 11 0 0 0 0 0 0 4
 113 5 0 2 10 0 0 112 73 4 33 112 113 13 1 59 46 3 28 55
 34 21 60 76 13 4 0 0 0 0 0 0 113 105 0 0 10 3 0 13
 81 40 0 5 113 108 23 30 78 17 40 18 20 24 27 80 1 1 0 0
 0 0 0 0 100 80 0 0 0 0 0 0 99 113 0 0 7 36 18 4
 3 13 17 19 109 53 13 4
28.52 92.06 1.25 2.397
 19 2 0 0 0 0 0 10 103 46 0 0 0 0 4 121 18 28 0 1
 62 43 35 96 0 0 0 9 120 77 22 23 13 14 0 0 0 0 0 0
 86 121 9 0 0 0 0 11 116 121 2 0 18 32 2 11 6 2 1 5
 28 101 74 38 1 1 0 0 1 0 4 4 121 23 0 0 0 0 3 74
 121 30 0 2 3 1 0 112 12 2 13 82 37 6 8 6 0 0 0 0
 1 11 70 68 81 47 0 0 8 56 48 27 100 121 0 1 9 2 0 16
 8 18 2 23 119 19 0 3
27.67 46.78 1.25 1.623
 7 0 0 0 0 0 0 2 125 0 0 0 0 0 7 75 79 0 1 5
 44 96 55 56 1 3 0 2 95 108 3 0 24 1 0 0 0 0 0 6
 125 22 2 8 1 0 0 78 86 12 49 125 40 11 0 21 3 4 24 45
 125 62 2 1 24 4 0 0 0 0 0 0 125 51 5 15 18 0 0 3
 67 26 25 125 125 0 0 1 88 24 13 14 38 60 9 13 12 2 0 0
 0 0 0 0 117 58 16 13 13 0 0 0 34 28 17 58 101 0 0 0
 107 70 0 2 17 21 0 1
26.35 31.96 1.31 1.624
 10 0 0 0 0 0 0 0 133 2 0 1 1 0 0 20 119 11 34 75
 53 20 0 7 0 7 21 22 121 74 0 0 19 0 0 0 0 0 0 4
 133 14 2 10 10 0 0 54 90 22 23 124 133 0 0 11 53 38 24 25
 63 46 6 12 14 6 0 0 0 0 0 1 123 117 47 28 3 0 0 9
 46 33 51 133 71 0 0 1 133 36 0 10 24 33 5 17 6 0 0 0
 0 0 1 10 12 17 15 3 0 12 74 56 10 9 15 17 7 63 50 3
 102 104 2 0 2 9 1 0
26.35 31.96 1.31 -1.969
 0 103 78 11 1 9 1 0 0 11 80 97 32 5 13 9 0 0 0 14
 13 13 10 0 0 0 0 0 0 0 0 0 11 4 8 0 19 120 7 7
 101 2 7 2 7 43 61 106 8 0 0 0 67 120 49 16 0 0 0 0
 11 10 0 0 13 51 22 6 86 120 6 2 120 56 0 0 28 46 22 31
 52 18 0 0 120 120 5 7 0 0 0 0 48 39 0 0 11 92 29 4
 21 29 9 2 85 83 2 0 3 12 52 60 46 18 1 0 107 120 5 35
 0 0 0 0 88 89 0 0
25.22 67.36 1.37 1.474
 108 6 0 3 1 0 16 55 22 3 3 70 50 51 54 25 13 6 1 14
 32 38 80 39 0 25 21 0 0 24 116 11 116 20 0 4 13 4 0 4
 69 10 4 70 116 66 4 7 116 20 16 22 9 12 41 57 6 15 79 18
 1 27 82 11 88 116 1 0 2 3 0 0 36 116 3 0 26 103 32 7
 56 16 11 20 30 66 60 34 1 27 94 38 47 63 3 0 3 43 0 0
 0 0 0 0 19 116 13 0 0 2 4 0 4 116 39 0 7 36 19 3
 0 17 9 0 16 116 34 0
25.22 67.36 1.37 -1.046
 11 8 0 0 46 113 15 3 113 20 4 1 4 34 29 38 44 28 9 3
 80 57 0 2 0 0 2 4 109 49 0 0 17 109 22 6 5 61 24 1
 20 21 27 104 45 38 49 22 87 85 24 31 75 11 0 5 5 2 0 3
 113 33 0 0 12 113 77 12 11 6 0 5 28 23 49 108 31 3 52 58
 113 10 3 64 46 4 22 84 6 0 0 80 113 10 0 1 41 23 2 3
 31 2 0 8 65 74 32 12 3 1 43 54 4 5 21 113 44 1 21 25
 0 0 0 68 25 0 0 0
24.96 3.00 1.29 1.392
 0 0 0 0 0 0 0 0 1 0 0 0 0 2 3 7 0 0 0 0
 4 14 4 1 0 0 0 0 0 0 0 0 21 0 0 0 0 0 0 5
 144 5 0 0 12 31 33 134 15 1 0 1 144 144 35 32 2 0 0 0
 23 9 7 16 32 6 0 0 0 0 0 0 144 86 0 10 33 8 2 21
 54 21 0 40 144 76 3 6 92 0 0 1 42 15 8 61 9 3 0 0
 0 0 0 0 144 103 0 1 6 5 1 1 84 60 0 3 74 144 10 3
 114 2 0 0 18 115 22 30
24.96 3.00 1.29 -1.581
 17 34 8 85 132 2 2 3 138 151 5 7 46 13 0 12 20 24 2 4
 151 57 0 3 0 0 0 0 31 3 0 0 32 3 23 79 42 0 0 5
 151 35 3 9 40 6 1 93 45 7 2 32 151 18 1 23 0 0 0 1
 50 0 0 0 28 6 4 3 0 0 0 0 151 115 38 43 13 0 0 6
 14 21 32 151 148 0 0 1 0 0 0 7 20 0 0 0 1 0 0 0
 0 0 0 0 4 10 4 3 0 0 0 0 0 1 3 12 1 0 0 0
 0 0 0 0 0 0 0 0
24.64 48.52 1.26 -1.975
 0 3 3 0 11 117 6 0 60 14 1 0 0 36 13 24 38 13 0 0
 26 96 34 19 0 0 0 0 20 41 0 0 0 111 38 1 11 113 4 0
 53 38 3 2 33 117 8 6 117 44 0 0 30 90 9 24 3 0 0 0
 68 117 2 2 0 117 25 1 12 34 0 0 32 99 43 7 28 39 13 30
 117 26 0 0 24 31 15 117 6 1 0 0 117 103 2 7 0 8 8 15
 51 28 0 0 25 112 8 0 1 0 1 3 30 117 39 3 6 3 0 15
 0 20 40 49 97 37 0 0
24.46 10.23 1.29 1.809
 12 0 0 0 0 0 0 5 129 1 1 11 7 0 2 82 34 1 2 104
 126 10 8 27 0 0 0 17 38 1 6 8 42 1 0 0 0 0 0 7
 129 7 0 9 38 20 1 57 21 0 0 59 129 69 1 15 36 0 0 6
 11 6 19 123 43 5 0 0 0 0 0 0 129 46 0 0 23 19 1 4
 46 6 0 0 129 129 30 26 69 6 13 17 20 20 24 115 13 2 0 0
 0 3 19 22 129 116 3 0 2 13 15 5 36 92 45 7 6 70 40 6
 10 2 19 62 67 20 32 19
24.46 10.23 1.29 -1.030
 26 13 22 48 18 13 15 68 38 113 40 17 20 34 19 16 12 19 3 9
 131 91 4 0 15 36 55 28 29 3 0 0 19 8 33 131 10 6 6 4
 131 66 15 40 27 0 0 15 36 10 1 81 131 1 0 2 0 0 5 13
 45 0 0 0 25 1 15 36 0 0 2 76 131 11 2 56 39 0 8 115
 16 3 1 131 131 0 0 1 0 0 0 8 15 0 0 0 70 11 10 8
 0 0 2 101 16 4 14 131 60 0 9 69 0 0 0 87 42 0 0 0
 0 0 0 1 0 0 0 0
20.34 11.41 1.26 -0.814
 24 0 0 69 39 6 3 68 6 3 8 99 12 3 27 102 4 7 4 12
 6 97 108 44 16 0 0 0 16 106 12 6 42 30 17 35 43 48 19 11
 20 34 57 87 9 13 24 71 68 107 28 12 35 41 14 15 14 9 2 20
 111 71 2 2 13 50 100 75 1 3 0 0 73 11 56 103 0 0 0 29
 111 30 7 51 44 0 0 55 4 3 2 102 111 0 0 0 2 3 14 5
 0 0 3 36 45 0 2 10 1 0 32 111 62 2 3 111 38 0 3 39
 0 0 0 73 45 0 0 0
19.09 54.70 1.15 1.924
 38 5 6 70 39 0 0 4 125 6 1 4 51 15 3 28 20 0 0 0
 125 28 1 5 125 0 0 0 7 6 6 39 60 6 12 29 4 1 0 1
 125 12 0 0 44 27 1 13 29 0 0 0 125 97 7 18 125 3 0 10
 16 6 5 50 58 6 0 0 16 19 0 1 125 49 0 0 13 19 2 9
 26 11 0 0 58 118 79 43 20 0 0 25 59 11 51 101 13 7 0 3
 25 33 36 2 79 125 2 0 0 11 10 0 15 125 52 12 1 10 27 5
 0 2 25 120 50 2 12 6
19.09 54.70 1.15 -0.857
 40 5 37 15 0 0 6 123 9 43 65 8 16 36 26 28 3 12 2 5
 123 122 3 0 9 105 10 2 39 12 0 0 20 9 58 123 45 0 1 24
 123 77 65 32 13 0 0 7 30 12 2 102 123 9 0 0 26 11 1 21
 66 2 0 7 45 1 1 92 70 0 0 14 123 5 3 37 36 0 0 43
 15 2 1 123 123 0 1 2 16 12 0 15 18 2 9 4 65 2 1 27
 8 0 0 24 96 8 6 67 40 0 0 37 1 0 0 67 79 1 10 55
 0 0 0 4 19 28 44 44
17.34 115.68 1.41 2.671
 90 19 0 0 0 0 0 11 141 84 0 3 5 0 0 42 19 18 15 85
 124 0 0 10 52 53 24 64 61 0 0 15 41 27 0 0 0 0 0 1
 141 130 0 3 13 2 0 17 65 15 0 39 141 40 10 42 44 2 0 77
 132 13 6 65 13 0 0 0 0 0 0 1 141 8 0 0 3 3 0 44
 67 3 0 0 41 74 33 30 1 0 0 16 141 34 18 20 0 0 0 0
 0 0 0 0 25 6 2 0 0 0 0 19 15 29 14 0 17 9 5 7
 0 3 1 9 141 66 2 0
17.73 95.36 1.42 2.731
 14 3 0 6 47 61 68 16 132 61 0 2 16 10 2 50 25 13 13 71
 57 0 0 19 17 24 46 65 23 1 1 11 9 3 2 132 81 14 7 1
 132 48 1 25 25 3 0 22 67 11 0 27 129 32 12 23 13 2 1 63
 95 10 10 42 18 2 1 91 64 0 0 0 132 15 0 4 1 1 0 11
 85 3 0 6 58 45 20 7 0 0 0 53 132 14 10 3 10 2 0 23
 20 0 0 0 132 89 0 0 0 0 0 2 47 79 7 8 54 9 0 0
 0 1 1 21 132 32 0 0
15.88 7.60 1.36 1.179
 0 0 0 0 1 7 0 0 0 0 0 0 0 0 13 5 0 0 0 0
 0 2 23 0 0 0 0 0 0 2 3 0 13 0 0 0 55 50 1 7
 85 3 1 0 0 2 104 105 7 3 9 2 0 76 125 20 0 0 0 0
 9 125 50 0 28 4 0 0 81 113 19 2 125 43 10 14 9 17 18 30
 42 88 87 44 35 46 53 8 18 53 7 0 84 125 12 0 17 78 0 0
 2 125 47 2 70 20 2 4 12 66 104 61 49 45 6 18 114 71 10 18
 88 67 0 2 79 37 0 0
15.88 7.60 1.36 -0.390
 4 0 0 0 0 0 0 3 48 0 0 1 0 0 11 124 9 0 21 55
 6 0 86 124 0 0 90 62 0 2 78 33 29 0 0 0 0 0 0 3
 124 20 8 4 12 2 0 79 40 7 43 91 83 44 39 44 10 18 48 40
 5 20 115 69 16 7 0 0 0 0 0 0 102 105 95 3 2 0 0 2
 16 26 124 43 9 14 10 20 107 61 61 19 3 5 12 63 0 1 0 0
 0 0 2 8 1 7 15 0 0 0 59 48 21 2 28 5 0 0 73 120
 46 2 17 84 1 0 1 124
13.95 47.07 1.26 1.714
 4 22 4 1 53 19 0 1 3 80 94 5 0 3 13 12 0 9 98 82
 3 12 9 0 0 0 2 26 4 0 0 0 18 0 0 3 75 59 2 9
 110 5 1 0 4 38 64 108 9 0 2 1 61 132 56 16 0 0 0 0
 14 13 0 0 36 6 0 0 124 100 2 4 132 61 0 2 25 23 6 20
 53 15 0 21 132 88 6 5 0 0 0 3 62 9 0 0 48 13 0 0
 67 131 9 7 132 20 0 3 32 44 21 88 35 9 0 41 132 4 1 15
 0 0 0 6 43 0 0 0
13.95 47.07 1.26 -0.975
 2 0 0 0 0 0 0 4 57 0 0 0 0 0 0 122 67 2 25 69
 38 1 1 122 57 49 84 57 9 1 0 4 27 1 0 0 0 0 0 7
 122 24 4 13 13 0 0 111 39 6 6 122 122 2 1 40 122 18 6 38
 36 0 0 10 17 8 0 0 0 1 18 5 97 122 48 32 5 4 7 3
 22 22 43 122 70 0 0 3 122 13 2 21 16 0 0 30 0 1 0 0
 0 34 122 65 0 11 13 4 15 122 49 1 22 2 11 16 6 15 0 10
 88 10 1 6 4 7 17 60
12.83 54.69 1.16 -1.482
 12 0 0 0 0 0 0 11 64 0 0 0 0 0 30 128 9 1 3 1
 1 55 128 65 0 6 14 0 10 128 47 0 59 2 0 0 0 0 0 11
 128 16 5 16 1 0 1 77 31 31 78 102 7 14 15 21 7 53 32 6
 65 103 6 0 71 2 0 0 0 0 0 4 128 16 3 26 34 8 0 19
 20 51 31 118 114 16 0 1 51 128 13 7 37 12 0 0 60 4 0 0
 0 0 0 3 128 28 0 0 37 17 1 16 10 10 1 4 128 59 0 1
 68 75 0 1 18 5 0 0
13.20 23.49 1.22 -0.587
 0 0 0 0 0 0 0 0 3 0 0 0 0 0 0 7 30 0 0 0
 0 0 11 123 5 0 4 34 2 0 51 123 0 0 0 0 0 3 87 33
 28 2 0 0 2 43 75 21 123 51 30 19 1 5 2 123 28 10 41 123
 18 0 4 52 0 0 41 47 4 11 123 84 6 4 24 108 85 96 81 10
 36 71 86 42 22 10 1 2 20 8 65 95 1 0 1 48 0 0 77 103
 1 9 50 30 0 0 31 99 20 77 37 2 11 0 7 14 6 15 0 18
 52 0 2 0 1 5 7 123
13.14 19.55 1.15 1.552
 3 0 20 59 101 18 37 16 129 10 1 24 84 2 0 14 81 3 0 24
 129 3 0 3 0 0 0 5 104 1 0 0 19 8 129 124 19 0 0 1
 129 29 16 52 26 0 0 59 47 4 5 129 129 0 0 13 0 0 0 29
 67 0 0 0 23 13 25 5 2 4 0 4 100 111 66 37 4 3 8 9
 5 14 51 129 65 4 1 0 0 0 0 14 14 0 0 0 29 0 0 0
 18 22 2 26 42 7 9 3 3 54 81 71 0 0 7 12 25 110 23 1
 0 0 0 0 4 4 0 0
13.14 19.55 1.15 -2.071
 3 110 60 2 0 0 0 0 2 26 100 62 39 12 10 12 0 3 3 19
 34 27 11 2 0 32 13 0 0 1 9 18 21 8 6 0 0 0 0 7
 116 10 10 2 4 27 47 114 15 0 0 0 63 122 53 36 39 0 0 0
 6 15 39 122 29 7 0 0 0 0 0 0 122 69 0 0 10 9 3 15
 76 20 0 0 122 122 4 11 122 70 5 6 27 26 2 51 7 4 0 0
 0 0 0 0 122 117 0 0 0 0 0 0 75 99 0 0 54 99 0 0
 43 46 1 1 27 87 22 11
26.08 20.44 1.06 1.328
 1 2 0 0 0 0 0 0 11 97 4 0 0 1 11 12 4 138 106 2
 0 6 11 2 0 22 138 64 2 0 4 0 13 0 0 0 0 0 0 6
 98 6 0 0 0 24 61 123 10 18 28 2 6 138 75 26 0 3 54 15
 2 58 6 0 22 5 0 0 0 0 0 0 138 82 0 0 0 9 6 25
 78 25 0 2 6 138 34 9 0 0 0 2 25 138 12 0 4 2 0 0
 0 0 0 0 138 81 0 0 0 0 0 0 114 56 8 37 27 13 0 0
 0 20 38 44 47 95 0 0
26.08 20.44 1.06 -0.895
 10 0 0 0 0 14 3 2 142 1 0 0 0 0 1 58 76 0 0 31
 10 25 47 44 0 0 0 142 31 2 16 26 18 0 0 0 39 142 13 4
 142 23 9 7 4 7 0 38 83 10 16 142 29 0 0 7 0 0 0 142
 36 0 0 0 8 6 0 15 142 69 0 0 81 98 79 22 33 5 0 5
 10 19 90 142 9 0 0 0 0 0 0 47 6 0 0 0 3 1 0 71
 142 0 0 0 0 6 13 10 21 0 0 0 0 0 11 7 0 0 0 0
 0 0 0 0 0 0 0 0
24.78 94.01 1.10 2.665
 0 0 0 0 0 0 0 0 42 68 0 0 0 0 0 18 120 112 0 0
 3 1 0 32 14 5 0 0 79 54 17 4 3 0 0 0 0 8 23 10
 89 3 0 0 0 3 7 120 101 4 0 1 0 0 7 120 9 0 17 36
 4 17 10 8 5 1 0 0 49 100 99 39 120 101 0 0 30 36 3 39
 88 71 0 7 18 0 1 31 5 2 25 110 108 0 0 6 0 0 2 84
 95 41 11 6 94 62 0 31 70 18 0 6 120 73 0 5 30 1 0 12
 17 1 0 26 120 12 3 25
23.98 80.70 1.15 1.360
 3 121 30 0 0 0 0 0 2 123 118 0 0 2 3 4 0 95 71 0
 0 51 20 0 0 12 52 2 0 29 93 12 11 8 4 0 0 0 0 4
 76 42 25 0 0 16 43 97 7 79 100 2 11 123 49 17 0 37 123 11
 4 26 2 0 21 4 0 0 3 28 19 5 123 56 0 0 0 10 11 27
 52 13 2 5 15 123 24 7 0 2 11 5 10 123 29 0 11 0 0 0
 11 93 87 12 121 21 0 0 0 12 91 46 57 10 5 18 46 15 2 14
 1 21 41 22 39 70 6 0
24.01 77.15 1.05 2.478
 0 0 0 0 0 0 0 0 75 0 0 0 0 0 0 26 130 1 0 1
 15 5 0 86 7 0 1 10 82 36 25 20 0 0 0 0 1 2 32 27
 118 11 0 0 0 18 44 15 130 31 0 2 5 7 1 16 9 1 2 78
 74 23 10 2 0 0 0 3 11 13 94 130 67 5 0 17 95 84 74 30
 130 17 0 6 25 4 1 26 9 1 0 67 130 9 0 0 0 1 6 31
 44 1 15 55 36 22 1 96 130 3 1 1 130 94 0 6 13 4 0 0
 11 11 0 2 91 96 0 0
21.03 79.65 1.01 2.704
 0 0 0 2 1 3 86 64 9 0 0 0 17 62 92 20 125 0 0 0
 4 12 6 62 49 0 0 29 16 9 1 13 0 0 1 29 15 4 89 83
 29 2 1 112 118 40 34 17 125 2 1 12 21 7 1 80 24 0 0 93
 92 0 0 10 4 12 18 104 59 0 2 2 61 18 3 125 74 0 0 0
 125 49 1 6 10 2 0 6 18 4 0 20 125 56 0 0 16 6 5 118
 51 0 0 2 37 11 0 45 30 0 0 7 125 55 0 0 0 0 0 21
 29 9 0 0 40 63 1 1
21.03 79.65 1.01 -0.956
 0 0 0 0 49 121 31 0 47 5 0 0 23 47 2 2 126 21 0 0
 1 8 9 13 16 0 1 10 3 11 27 43 0 37 7 0 28 126 5 0
 35 2 0 0 51 126 8 8 126 18 1 4 4 13 2 29 32 3 3 119
 24 0 2 5 80 126 6 0 7 16 0 0 21 9 0 0 126 126 0 2
 96 79 55 25 49 27 0 5 7 13 45 126 21 0 0 0 126 22 0 0
 1 0 0 14 27 3 0 0 103 61 0 2 0 10 29 10 101 69 0 0
 0 1 21 25 3 1 0 0
20.14 88.98 1.08 -0.792
 121 17 0 0 0 0 0 0 114 42 20 45 66 0 0 0 94 79 12 11
 32 13 0 0 6 2 0 0 95 121 0 0 121 5 0 1 1 0 0 10
 121 19 4 44 121 13 2 12 121 65 3 9 28 6 2 28 23 6 0 3
 16 104 0 2 121 0 0 0 3 4 1 52 78 2 0 6 66 67 47 86
 70 7 1 1 7 10 24 121 11 1 0 32 50 4 0 10 121 0 0 0
 7 15 1 39 72 0 2 31 1 9 31 39 4 29 56 57 0 0 8 26
 8 31 10 4 40 27 0 0
19.27 34.05 1.08 1.782
 30 5 3 83 98 0 0 15 50 72 10 34 56 10 2 11 24 8 2 6
 87 58 3 9 121 14 0 0 6 7 3 32 14 9 21 121 36 0 0 3
 121 7 0 17 24 10 3 60 53 2 0 0 121 79 6 27 121 15 0 2
 25 7 0 37 12 3 12 18 1 9 4 0 121 62 0 0 7 5 0 12
 74 23 0 0 90 121 49 20 84 0 0 10 29 25 49 101 2 0 0 0
 44 52 6 0 101 79 3 0 1 0 0 0 60 118 48 1 0 15 26 3
 1 8 37 82 18 4 26 15
18.42 106.50 0.92 -0.793
 23 12 0 0 0 0 0 2 142 72 0 2 7 0 0 29 55 29 5 35
 142 1 0 8 136 53 3 7 19 1 0 0 41 0 0 0 0 0 0 9
 142 6 0 4 14 3 0 48 73 8 0 45 142 45 1 8 142 40 0 6
 21 9 1 3 42 10 0 0 0 0 0 3 142 52 0 0 3 5 1 24
 67 8 0 1 59 142 26 21 95 14 0 0 8 45 40 89 28 1 0 0
 4 7 0 14 142 3 0 0 0 0 0 71 64 0 0 0 1 28 21 24
 1 0 2 1 0 9 28 33
16.98 108.48 1.01 -0.859
 73 66 0 0 0 0 0 0 102 133 4 10 20 1 0 0 13 69 32 35
 49 1 0 0 23 54 4 0 41 35 0 0 36 26 0 0 0 0 0 1
 133 102 1 5 31 2 0 21 83 51 7 32 133 5 0 5 133 63 2 1
 11 14 0 0 44 1 0 0 0 0 0 5 133 19 0 4 25 7 0 21
 83 20 0 23 133 83 5 7 133 58 0 1 6 10 4 15 24 7 0 0
 2 2 0 1 133 46 0 0 1 5 0 10 62 6 0 0 17 111 32 23
 45 5 0 0 1 20 30 72
16.00 54.88 0.93 0.886
 0 71 25 0 0 6 4 0 10 117 57 0 2 8 0 0 34 54 14 0
 16 117 5 1 0 0 0 0 8 117 15 0 0 5 1 0 0 81 109 0
 47 46 6 0 0 42 91 14 117 54 1 0 0 25 15 31 14 1 0 0
 57 117 9 3 2 102 50 0 0 31 67 1 7 44 21 0 0 68 117 20
 58 5 21 7 0 6 59 86 10 0 14 65 62 23 0 5 0 96 39 0
 0 0 0 0 0 117 117 0 0 1 4 0 0 20 117 41 0 0 4 4
 0 0 77 114 4 0 2 1
16.00 54.88 0.93 -0.855
 36 0 0 0 0 0 7 113 11 1 9 1 0 1 45 117 0 3 9 0
 16 90 53 16 2 4 0 0 62 117 3 0 40 1 18 30 6 0 1 117
 18 22 117 80 1 0 0 27 49 84 66 8 20 12 0 2 5 5 0 16
 117 58 0 0 3 0 9 110 87 1 2 38 69 14 54 85 21 0 0 9
 117 30 10 23 21 0 0 32 9 1 0 89 117 0 0 1 1 0 0 89
 82 0 0 1 90 0 0 13 10 0 0 23 117 4 1 36 46 0 0 24
 0 0 0 76 85 0 0 0
15.91 34.29 1.03 1.393
 15 17 7 2 27 66 14 3 57 66 0 0 12 45 5 0 97 100 0 0
 40 20 0 0 2 1 0 0 120 47 0 0 120 41 1 0 15 46 10 6
 42 14 0 0 50 120 16 8 120 45 0 0 26 20 12 30 16 2 0 0
 120 50 0 1 86 120 0 0 1 8 0 0 34 94 2 0 7 99 64 15
 44 4 8 14 20 16 74 84 6 0 0 49 120 14 0 6 12 56 0 0
 0 4 0 0 21 120 60 0 0 0 4 1 0 21 120 54 5 0 5 2
 0 0 20 108 44 0 0 0
15.91 34.29 1.03 -0.924
 11 0 0 0 0 0 2 78 7 1 3 0 0 0 74 119 0 2 3 0
 6 93 112 26 0 0 0 0 30 115 8 0 41 0 0 13 2 0 0 119
 17 20 59 114 8 0 5 82 30 95 55 20 27 26 5 4 2 4 0 29
 119 50 0 0 30 0 0 75 53 0 0 94 41 9 14 119 53 0 0 17
 119 39 13 38 33 0 0 38 7 2 0 74 119 0 0 0 17 6 6 101
 71 0 0 5 68 7 1 41 41 0 0 22 80 13 7 93 22 0 0 31
 0 0 0 79 33 0 7 14
