65 128
17.97 82.30 3.15 -0.019
 0 0 0 0 0 0 37 21 6 2 1 0 0 0 74 110 3 3 3 1
 5 34 110 59 27 1 0 6 7 17 37 110 5 8 6 8 10 22 110 44
 28 38 63 13 24 34 49 86 45 81 72 23 43 26 39 26 66 83 6 18
 38 22 10 18 35 28 14 14 60 56 17 17 65 21 9 19 96 92 9 17
 110 25 8 13 100 28 1 33 48 110 8 19 110 8 0 2 6 42 102 13
 8 25 11 9 19 13 63 110 37 5 4 10 56 75 50 59 42 1 0 3
 28 34 13 56 61 0 0 0
17.97 82.30 3.15 -2.791
 26 1 0 2 111 33 4 41 52 0 0 24 52 33 39 111 9 0 0 14
 53 48 75 65 0 1 3 2 0 51 111 20 42 7 1 7 111 53 8 46
 80 4 5 100 90 27 8 49 111 20 7 56 52 7 17 62 53 38 21 34
 31 42 31 17 29 61 57 61 35 12 6 25 24 32 83 34 44 111 39 22
 62 53 53 39 30 37 28 12 55 38 44 22 23 15 13 35 1 49 67 19
 0 0 0 0 0 31 111 25 2 3 0 0 0 28 105 42 2 1 0 0
 1 40 108 17 0 0 0 1
31.42 32.12 2.36 -3.007
 0 0 0 0 2 30 7 4 1 0 0 0 0 1 31 21 0 0 0 0
 0 14 38 1 0 0 0 0 0 6 3 0 25 0 0 0 83 128 7 14
 129 3 0 1 12 17 92 124 9 0 0 34 85 110 125 19 12 1 0 17
 30 37 13 17 35 6 1 15 129 65 1 3 129 71 0 5 54 9 3 13
 33 15 1 59 129 59 3 3 60 18 1 27 37 18 0 7 6 9 26 101
 87 1 0 0 91 129 18 9 17 1 0 0 14 63 63 38 104 56 0 0
 28 12 3 17 48 27 0 0
30.86 12.15 2.36 0.036
 42 95 3 0 0 0 7 19 82 107 0 0 32 123 36 13 10 3 0 0
 109 128 2 2 71 46 0 0 5 4 17 41 62 34 1 0 0 0 0 12
 128 85 9 5 40 29 1 35 27 7 8 21 128 128 1 2 73 57 0 1
 34 19 1 23 46 27 1 0 0 0 0 6 112 117 128 23 7 1 0 16
 7 10 128 128 97 16 0 1 53 42 13 17 22 6 0 27 0 4 1 0
 0 0 0 0 0 12 33 1 0 0 0 0 0 0 30 12 0 0 0 0
 1 14 8 2 0 0 0 0
30.86 12.15 2.36 -2.936
 0 0 0 1 12 37 12 2 0 0 0 0 0 2 34 8 0 0 0 0
 0 9 25 0 0 0 0 0 0 2 0 0 31 5 2 57 59 29 7 17
 105 6 0 2 7 19 137 126 4 0 0 23 87 137 137 13 0 0 0 6
 36 26 1 0 68 13 1 17 70 39 0 1 137 64 1 13 50 8 11 27
 24 7 0 101 137 48 11 5 0 0 0 23 46 8 0 0 24 11 11 37
 41 10 0 0 137 137 5 2 23 5 0 0 20 47 17 17 137 114 0 0
 0 0 0 5 28 46 0 0
25.66 70.96 2.50 0.232
 17 0 0 1 18 42 35 98 9 13 17 37 40 26 81 55 18 25 12 5
 12 86 56 22 16 40 65 6 13 11 37 43 35 26 17 20 31 24 23 42
 38 38 12 29 111 61 4 15 111 48 6 7 71 59 8 23 39 13 26 10
 111 50 1 21 15 108 90 63 5 1 0 1 20 111 62 1 49 84 28 16
 64 7 57 89 50 24 31 67 79 4 5 68 95 8 1 42 1 34 19 5
 0 0 0 0 1 80 111 1 0 0 1 0 1 11 111 69 1 0 1 1
 55 46 26 34 2 0 0 5
25.66 70.96 2.50 -2.557
 6 0 0 99 66 19 18 43 1 0 0 10 29 20 110 56 0 0 0 0
 0 85 87 2 0 0 0 0 1 25 3 0 95 2 2 101 18 1 3 70
 52 14 32 85 34 8 62 102 49 46 32 19 35 110 54 3 1 0 0 0
 60 110 32 1 110 16 5 17 18 40 29 27 81 24 8 67 110 20 7 23
 110 25 8 17 45 33 7 60 7 7 4 14 46 63 99 23 11 51 63 33
 8 13 5 1 21 96 33 3 22 26 21 28 45 14 59 81 5 5 12 57
 32 38 21 42 11 5 5 6
17.18 101.82 2.49 0.476
 36 61 15 37 25 17 16 12 47 2 3 38 44 34 29 80 6 7 40 31
 21 18 78 70 0 3 16 30 89 43 14 0 45 8 3 82 80 0 3 52
 128 20 4 39 32 17 1 22 27 7 37 44 76 128 2 8 0 3 21 69
 72 42 0 0 43 3 4 128 79 0 0 12 128 17 5 36 21 3 0 8
 46 26 32 74 65 64 0 1 9 5 1 1 112 111 0 0 50 0 9 47
 8 0 0 8 128 2 0 6 44 10 1 35 78 11 3 14 84 25 8 30
 32 2 0 0 51 67 3 14
30.60 88.93 1.99 2.886
 0 0 0 0 0 0 0 0 0 0 0 0 0 0 12 9 0 0 0 0
 0 9 15 3 4 0 0 0 0 0 9 42 13 0 0 0 1 4 0 8
 76 1 0 0 2 19 67 131 13 0 0 0 62 131 77 35 114 2 0 0
 13 13 5 116 28 5 0 0 14 51 0 1 131 74 0 0 14 12 8 39
 62 21 0 0 131 110 9 12 131 84 0 0 54 18 0 12 7 5 0 0
 24 131 0 0 131 94 0 0 7 24 1 0 72 58 0 3 131 44 0 0
 17 69 1 1 78 24 2 2
30.60 88.93 1.99 0.061
 20 3 0 2 133 80 1 3 139 0 0 0 30 8 0 56 57 2 0 8
 139 15 0 21 78 89 0 3 50 0 0 0 32 2 3 113 139 7 0 7
 139 19 6 15 44 1 0 54 50 4 6 65 139 0 0 13 50 45 0 8
 60 0 0 0 15 10 21 103 12 0 0 0 110 119 78 31 6 0 0 3
 8 18 71 139 87 0 0 0 23 9 0 12 19 0 0 0 0 1 2 2
 0 0 0 0 0 14 23 2 0 0 0 0 0 1 19 14 0 0 0 0
 3 2 0 1 0 0 0 0
28.77 111.60 1.96 0.096
 88 79 2 16 54 8 0 0 26 81 25 30 86 36 1 0 41 59 1 0
 24 118 2 1 0 0 0 0 12 80 0 0 118 114 0 0 28 21 0 0
 63 45 1 0 118 118 4 7 118 72 0 0 14 60 8 29 7 0 0 0
 6 49 4 2 118 83 0 0 2 4 0 1 73 52 17 7 41 118 35 24
 73 4 43 71 3 26 34 77 5 0 20 22 0 1 1 2 37 76 2 0
 0 0 0 0 12 90 78 27 0 6 3 0 0 0 75 118 0 2 3 1
 0 0 11 27 0 0 0 0
28.77 111.60 1.96 -2.542
 0 0 0 0 0 0 0 0 0 0 0 0 0 5 91 8 0 1 1 0
 0 16 122 14 0 0 0 0 8 24 18 0 11 8 0 2 0 0 0 0
 9 13 29 106 25 11 56 2 64 66 49 40 18 28 82 6 10 5 0 22
 122 68 14 0 122 40 0 5 10 0 0 0 69 18 9 95 122 1 0 4
 122 25 12 46 60 0 0 26 16 2 0 107 122 1 0 0 122 49 0 1
 8 0 0 0 66 20 0 6 122 32 11 27 117 0 0 16 88 7 7 71
 3 0 0 40 122 0 0 2
27.92 51.67 1.95 -2.907
 0 0 0 0 18 74 23 26 0 0 0 0 0 2 115 62 0 0 0 0
 0 51 115 5 0 0 0 0 5 52 18 0 19 8 1 2 39 92 35 82
 12 15 20 56 55 9 89 98 57 67 26 20 27 79 82 13 7 2 0 0
 114 115 10 2 36 43 20 44 85 15 2 7 29 76 23 29 63 47 11 12
 115 27 4 7 39 39 19 75 19 2 0 2 115 58 1 7 26 20 16 108
 48 0 0 1 76 78 28 7 6 3 1 3 64 43 39 20 18 3 1 8
 8 5 11 75 115 4 0 0
20.99 28.98 2.06 0.464
 1 0 0 0 32 6 2 9 1 0 0 0 0 13 46 17 0 0 0 0
 0 21 15 0 0 0 0 0 0 0 0 0 46 12 0 7 38 0 2 22
 133 34 0 0 7 71 110 76 8 0 0 0 88 142 52 4 0 0 0 0
 14 10 3 7 41 12 0 3 21 1 15 27 142 35 0 3 45 15 8 81
 38 0 0 25 142 57 3 12 37 0 0 2 42 4 14 111 41 40 5 1
 1 0 28 75 99 40 24 38 54 0 12 137 21 0 4 102 142 0 0 9
 142 0 0 6 17 0 1 75
20.99 28.98 2.06 -2.370
 8 9 58 127 31 0 0 4 76 0 0 59 27 0 0 122 70 0 7 73
 16 22 20 127 0 0 35 70 50 102 11 4 20 3 37 36 0 0 0 5
 127 26 2 15 9 0 0 114 70 8 10 127 127 1 0 46 3 2 68 96
 38 1 0 2 13 8 0 0 0 0 0 0 111 127 29 9 7 0 0 4
 14 64 61 99 127 4 0 0 20 0 1 15 43 2 0 25 0 1 0 0
 0 0 0 0 0 34 15 0 0 0 0 0 1 17 42 30 3 0 0 0
 69 0 0 8 2 0 0 51
19.42 67.38 2.13 -2.908
 105 13 2 23 61 3 2 43 38 71 46 54 79 9 7 4 80 74 4 0
 41 98 11 4 11 4 1 6 27 48 41 89 106 97 2 2 66 21 9 3
 70 30 2 3 111 100 14 16 111 37 2 20 52 20 8 29 24 60 26 40
 71 16 2 11 17 86 26 45 29 26 26 3 12 110 73 4 14 59 40 26
 56 7 87 111 29 4 19 50 48 53 21 93 39 0 0 0 0 10 32 44
 5 0 0 0 0 45 84 3 0 0 0 0 0 4 93 46 0 0 0 0
 2 24 15 19 0 0 0 0
12.35 93.26 1.83 0.293
 0 6 5 0 0 8 117 9 0 1 0 1 25 105 99 1 2 0 0 0
 9 30 27 89 0 0 3 0 0 5 88 89 28 97 77 5 2 3 30 5
 20 24 10 74 116 44 17 5 105 2 0 17 39 13 9 117 8 14 43 51
 37 4 18 55 114 24 9 5 18 0 0 57 47 15 3 72 117 0 0 10
 117 49 0 13 27 9 1 8 20 10 6 19 65 91 26 2 69 0 0 13
 43 0 0 79 17 8 0 50 117 0 0 5 117 69 0 5 6 2 0 0
 38 18 8 36 22 30 12 1
12.35 93.26 1.83 -3.124
 17 3 3 1 70 108 0 7 78 7 0 0 43 84 1 2 111 26 0 16
 69 1 0 0 5 4 0 17 111 5 2 0 32 67 46 3 40 51 0 3
 56 5 0 0 111 111 1 7 111 7 0 2 45 36 11 24 1 0 0 1
 60 67 99 9 78 26 7 21 20 8 35 43 39 17 5 76 111 21 0 6
 111 98 55 11 11 12 10 18 2 8 105 57 1 22 59 4 2 9 54 97
 6 1 18 12 1 8 12 111 32 0 0 0 2 56 78 12 1 0 0 0
 0 3 93 34 0 0 0 0
10.36 102.92 1.98 -1.946
 0 0 0 0 0 0 11 18 47 0 0 0 0 5 36 39 118 4 0 13
 23 12 11 64 6 0 0 43 37 18 45 72 52 1 0 0 1 4 30 118
 35 6 0 0 67 74 89 69 118 41 1 8 16 17 28 52 21 4 2 118
 23 10 49 29 101 93 8 0 2 4 2 29 23 75 63 2 43 78 54 30
 40 7 47 118 8 10 54 90 7 1 4 118 35 1 15 19 2 55 18 0
 0 0 0 0 11 91 118 3 0 0 1 4 22 11 93 68 1 1 39 56
 0 0 9 47 8 3 77 69
10.36 102.92 1.98 -2.884
 44 110 0 0 4 4 0 0 34 101 13 0 13 41 29 35 37 22 11 1
 103 48 8 44 30 0 0 0 110 55 0 11 33 50 0 0 0 0 2 26
 32 110 53 0 0 22 34 38 84 110 36 5 74 26 6 22 43 1 0 4
 110 52 1 23 105 21 0 0 0 0 2 30 89 51 19 3 0 46 93 61
 59 7 26 110 33 14 48 63 54 26 8 89 84 3 0 22 24 34 0 0
 0 0 0 0 22 95 91 12 0 0 4 1 0 4 106 110 0 0 4 0
 8 40 23 53 1 0 0 0
9.17 87.78 2.20 -1.456
 17 34 0 0 0 0 0 0 34 123 32 0 7 10 8 5 6 39 123 35
 5 19 56 23 6 1 107 106 0 4 16 14 13 4 0 0 0 0 0 5
 101 43 13 1 1 3 38 119 13 15 73 37 10 51 123 38 0 11 54 29
 1 15 123 8 21 3 0 0 0 0 0 0 123 67 0 7 13 1 4 23
 47 22 46 95 123 14 19 9 0 42 123 19 14 2 29 6 5 1 0 0
 0 0 0 0 104 92 7 3 5 0 0 0 30 49 21 28 123 12 11 19
 1 2 14 4 19 6 77 75
34.53 113.73 1.53 2.190
 0 0 0 0 0 0 0 0 18 0 0 0 0 0 20 68 6 0 3 0
 0 18 130 104 0 0 2 0 0 118 130 2 24 1 0 0 0 0 0 3
 130 8 1 5 4 0 2 107 45 5 100 78 37 11 33 67 0 37 130 14
 3 52 51 0 35 7 0 0 0 0 0 0 130 56 0 2 9 6 0 11
 59 13 26 40 110 130 10 2 0 27 114 11 18 89 79 0 2 0 0 0
 0 0 0 0 68 7 0 0 0 0 0 4 28 15 33 4 5 61 14 1
 0 9 62 5 1 63 115 0
32.25 48.67 1.69 0.947
 1 18 35 55 7 0 0 1 46 0 0 16 3 0 0 102 69 0 9 25
 5 0 2 123 6 3 18 70 44 9 11 31 14 1 2 1 0 0 0 5
 123 13 0 4 6 0 0 123 72 8 35 123 79 7 1 76 79 32 51 71
 28 9 7 17 12 5 0 0 0 0 0 0 123 123 4 2 8 0 0 8
 30 123 21 28 97 66 54 15 60 10 18 19 30 20 75 100 0 0 0 0
 0 0 0 0 5 70 6 0 0 0 0 0 2 123 87 0 0 2 9 2
 13 35 123 31 3 0 13 14
31.40 74.46 1.63 1.937
 1 0 0 0 0 0 0 1 56 0 0 0 0 0 2 92 34 0 27 34
 1 0 68 121 1 1 104 36 0 0 66 37 14 0 0 0 0 0 0 5
 121 6 0 1 10 2 0 101 55 2 32 104 121 35 5 42 0 0 109 64
 14 12 27 1 15 4 0 0 0 0 0 0 121 121 1 0 5 4 0 9
 41 93 20 1 63 116 60 2 0 2 22 5 6 45 121 4 1 1 0 0
 0 2 23 14 15 82 7 0 0 16 29 1 5 121 121 0 0 7 10 0
 0 17 121 23 0 3 24 0
31.10 67.51 1.72 0.964
 1 80 105 3 0 2 11 5 57 18 110 49 9 1 6 36 57 2 4 94
 36 1 4 83 10 9 25 117 24 0 0 8 15 10 21 0 0 0 0 3
 117 18 17 6 10 0 0 87 55 3 0 117 117 7 0 33 29 0 0 58
 39 2 1 55 13 6 0 0 0 0 0 0 117 117 0 2 10 2 0 7
 33 82 4 17 99 103 45 5 16 1 5 13 10 32 68 117 0 1 0 0
 0 0 0 0 16 78 1 0 0 0 0 0 13 117 77 0 0 13 16 1
 0 13 117 51 0 5 26 18
27.79 106.08 1.76 0.372
 42 3 0 22 26 0 0 0 139 18 0 11 26 0 0 3 35 38 25 74
 107 5 1 0 49 51 9 3 42 72 0 0 43 5 0 6 6 0 0 0
 139 39 0 2 46 6 0 4 63 20 0 13 139 33 0 0 139 47 0 1
 43 27 0 1 40 1 0 0 0 0 0 9 139 12 0 0 33 7 0 56
 47 2 0 0 139 60 15 33 139 7 0 2 29 11 9 82 26 10 0 0
 0 0 0 1 127 111 12 0 6 5 0 11 10 32 67 12 31 56 35 23
 8 0 61 47 2 4 16 51
27.79 106.08 1.76 -2.658
 3 2 15 55 6 0 64 28 34 50 41 27 5 27 74 12 10 6 0 9
 117 110 18 0 0 0 0 1 34 12 0 0 35 7 9 90 139 0 0 2
 139 39 18 40 38 0 0 12 39 5 0 97 139 9 0 1 0 0 0 19
 45 2 0 0 50 16 0 3 139 23 0 3 139 9 0 4 72 8 0 28
 31 1 0 26 139 10 0 3 3 0 0 3 29 0 0 7 42 46 0 0
 60 51 14 13 97 2 0 4 58 21 18 89 9 0 0 28 139 4 0 5
 24 0 0 2 17 0 0 38
22.85 114.70 1.77 0.465
 53 22 23 82 67 8 2 3 57 71 24 19 65 106 4 0 2 0 0 0
 103 101 0 0 0 0 0 0 2 1 0 0 68 12 1 36 138 9 0 2
 138 54 2 8 82 33 0 2 26 2 0 0 138 122 0 1 0 0 0 0
 12 8 0 0 46 1 0 9 138 27 9 28 138 5 0 3 65 12 7 96
 32 0 0 3 138 46 0 6 0 0 0 0 6 3 0 0 10 20 41 7
 53 56 41 31 22 0 67 34 10 8 27 110 2 0 11 7 16 6 0 4
 0 0 0 0 0 0 0 0
22.85 114.70 1.77 -2.453
 0 0 0 0 0 0 0 0 15 1 0 1 0 0 2 3 9 2 21 51
 2 6 92 14 15 29 38 20 1 29 111 8 14 1 0 0 0 0 0 0
 135 9 0 12 21 0 0 30 51 5 26 135 132 0 1 15 135 36 36 50
 14 1 0 45 44 4 0 0 0 0 0 0 135 30 0 14 58 0 0 5
 79 4 0 56 135 4 0 28 135 0 0 28 57 0 0 76 23 5 0 0
 0 0 0 0 135 70 0 2 30 9 0 0 51 17 0 4 98 57 32 73
 56 0 0 42 83 1 5 82
20.29 89.49 1.65 -0.094
 6 16 130 46 0 0 8 12 54 67 55 11 70 9 1 1 39 41 0 6
 140 19 0 0 71 119 0 0 14 16 3 0 34 11 29 14 3 11 0 0
 140 37 3 0 43 20 0 2 23 15 0 0 140 77 0 1 40 140 0 0
 13 4 0 0 35 1 0 0 44 52 0 2 140 11 0 0 26 9 0 14
 36 1 0 0 140 55 0 2 21 37 0 0 38 6 0 0 25 1 0 11
 97 20 0 0 140 15 0 1 17 2 0 9 34 3 0 7 140 25 0 2
 1 3 0 0 45 4 0 0
20.29 89.49 1.65 -2.944
 5 0 0 0 40 16 0 1 126 0 0 0 1 0 0 60 76 0 0 59
 111 4 4 38 14 0 0 36 84 2 0 15 18 0 0 0 83 41 0 4
 126 2 0 7 10 0 0 60 56 1 0 111 126 0 0 14 70 4 0 29
 52 0 0 9 25 0 0 0 120 82 0 5 126 7 0 15 36 3 0 30
 27 3 0 86 126 1 0 2 42 20 0 10 19 0 2 0 28 0 0 10
 126 23 0 12 126 0 0 4 40 17 4 61 7 0 0 15 98 62 70 3
 5 3 0 1 4 11 113 4
19.53 107.07 1.56 0.827
 90 0 0 6 0 0 0 60 90 0 6 12 25 28 1 56 6 4 6 24
 61 114 0 0 29 33 32 22 14 28 0 0 110 0 0 11 3 0 0 114
 42 15 40 114 20 4 0 34 40 55 38 24 70 70 0 1 1 1 7 4
 114 49 0 0 95 0 0 43 46 0 0 79 51 7 6 114 92 0 0 16
 114 18 5 15 75 6 0 42 2 0 0 12 114 11 0 1 15 0 0 64
 81 1 1 40 64 0 0 48 60 1 2 60 94 0 0 15 81 1 0 66
 0 0 0 16 114 0 0 0
19.53 107.07 1.56 -2.967
 25 27 0 6 92 38 0 0 75 47 0 4 69 39 0 0 100 63 0 0
 64 33 0 0 0 0 0 0 103 61 0 0 49 115 0 0 43 36 0 0
 52 22 0 0 90 115 8 7 115 32 0 0 38 27 5 17 9 0 0 0
 115 68 0 0 36 115 1 0 3 4 0 0 13 115 17 0 16 82 37 15
 76 22 29 0 14 24 34 70 6 5 4 0 115 100 0 3 4 41 1 0
 0 0 0 4 5 112 56 0 0 6 13 16 30 85 111 0 1 7 5 5
 36 33 10 0 70 37 0 1
19.49 61.67 1.75 -0.114
 1 0 0 0 0 2 7 1 19 0 0 0 0 0 20 78 3 1 10 10
 3 5 116 87 4 8 15 2 0 53 100 7 10 3 1 1 30 76 62 8
 116 9 0 1 19 14 8 115 31 7 34 74 116 32 24 51 5 116 64 19
 14 24 18 0 11 24 10 6 54 80 39 8 116 60 0 0 19 59 47 18
 50 45 1 3 116 116 0 2 13 48 2 1 44 89 0 0 42 74 28 8
 13 25 20 16 44 44 7 27 65 54 29 9 16 116 12 12 36 61 0 0
 3 23 6 0 15 116 30 8
18.46 44.63 1.44 -0.682
 0 0 0 0 0 0 0 2 0 0 0 0 0 0 8 68 2 1 4 0
 0 0 52 130 3 4 10 2 10 67 94 46 20 0 0 0 0 0 0 12
 120 7 0 0 0 4 20 130 19 6 16 11 27 65 59 130 20 18 43 14
 15 29 36 24 28 11 0 0 0 0 0 1 130 130 2 0 0 3 2 26
 54 130 14 0 6 83 58 13 3 9 14 15 57 127 50 6 2 3 0 0
 0 25 27 0 22 130 12 0 0 6 3 0 5 130 84 0 0 2 1 0
 0 119 74 0 12 61 6 0
16.18 77.35 1.72 -2.463
 17 0 1 117 31 2 0 43 11 0 2 112 10 0 0 5 113 0 0 10
 3 0 0 108 24 1 21 77 37 0 12 60 0 4 5 36 52 117 37 4
 29 0 0 8 5 92 54 8 117 8 0 15 28 6 4 37 26 2 2 88
 117 0 0 4 0 85 117 1 1 58 24 0 8 21 80 44 37 117 51 2
 117 70 5 23 52 24 5 4 22 13 0 10 117 43 8 9 0 32 55 0
 0 0 0 0 0 18 84 33 4 0 0 0 52 91 10 15 5 3 0 0
 17 73 23 0 13 43 26 11
15.57 62.95 1.46 -0.816
 1 0 0 0 0 0 0 2 22 0 0 0 0 0 5 92 9 0 8 18
 0 0 81 121 1 8 60 15 0 0 94 45 19 1 0 0 0 0 0 9
 121 8 0 0 4 3 1 121 36 1 17 83 96 46 9 78 0 7 121 61
 21 25 7 1 21 7 0 0 0 0 4 3 121 121 0 0 2 4 3 14
 56 84 7 2 48 121 34 6 0 3 3 2 10 121 115 0 2 1 0 0
 0 13 67 58 32 87 3 0 1 54 51 8 20 121 43 0 0 11 26 18
 1 51 70 2 1 45 46 1
8.70 102.35 1.63 1.266
 1 0 55 29 0 0 26 93 0 0 20 22 3 16 114 68 0 2 3 2
 2 107 114 1 0 0 0 0 4 70 15 0 10 0 7 30 21 2 17 114
 8 20 114 114 20 5 36 40 58 88 50 14 18 71 35 8 4 3 0 15
 108 110 4 0 7 15 36 26 84 25 1 39 42 19 25 48 114 51 0 16
 114 55 71 61 10 1 0 34 4 2 22 114 76 3 0 0 53 31 34 27
 37 4 0 27 9 13 9 44 114 13 0 1 5 21 70 33 5 0 0 0
 0 0 15 34 0 0 0 0
8.70 102.35 1.63 -3.108
 2 112 43 0 1 17 10 1 20 51 112 0 0 9 23 29 22 51 50 1
 49 76 0 4 23 2 0 0 81 99 0 1 34 40 21 0 0 1 12 37
 30 38 96 1 1 64 54 33 112 67 27 4 30 21 11 29 36 5 0 18
 112 46 0 4 112 38 0 0 0 1 4 18 76 59 21 2 0 70 90 36
 48 3 27 102 21 13 64 70 11 10 3 112 91 0 0 1 19 45 2 0
 0 0 0 0 14 106 99 8 0 0 3 0 0 4 108 112 3 0 3 0
 0 0 6 64 7 0 0 0
28.70 8.73 1.32 0.022
 2 19 21 0 0 0 0 0 109 119 12 0 0 1 0 0 76 63 0 0
 75 88 0 0 0 0 0 0 104 79 0 0 1 0 0 0 0 0 0 0
 104 69 0 0 0 0 1 16 119 106 0 0 53 32 0 20 5 1 0 0
 119 98 0 0 10 1 0 0 0 0 0 7 79 19 4 0 0 0 14 119
 116 16 52 12 25 6 4 119 5 0 36 18 119 94 3 2 9 5 0 0
 0 0 0 0 53 83 48 3 0 0 0 20 9 22 119 48 0 0 0 12
 0 0 119 34 11 10 0 0
23.38 59.08 1.14 0.188
 6 20 9 39 60 33 8 3 33 0 0 20 67 17 1 19 116 1 0 1
 4 0 0 122 10 0 2 65 53 3 3 41 7 40 2 12 22 116 20 5
 59 3 0 6 18 122 25 12 122 20 0 0 12 9 3 25 21 1 0 12
 122 26 0 2 72 122 1 0 0 29 6 16 34 9 0 5 59 122 15 10
 122 63 2 5 26 24 5 13 26 16 0 0 122 43 0 0 59 7 5 11
 1 0 8 104 16 2 6 100 96 7 0 11 69 103 7 36 39 1 0 0
 45 50 0 0 47 40 0 0
18.34 52.56 1.29 -1.894
 1 55 117 0 0 0 0 0 1 10 117 69 0 0 11 13 117 7 41 57
 0 0 12 62 79 2 31 66 26 0 6 50 16 2 9 0 0 0 0 10
 81 5 10 4 4 5 68 117 90 16 8 22 22 20 99 102 43 11 9 89
 117 14 10 15 32 9 0 0 0 0 0 2 117 95 2 15 20 4 5 33
 60 46 16 68 86 27 17 21 52 19 5 11 30 31 71 50 6 4 0 0
 0 0 0 0 117 95 0 0 4 3 1 1 73 55 12 2 16 32 68 43
 25 1 25 31 0 0 27 76
18.07 4.28 1.14 1.168
 1 0 0 0 0 0 0 4 1 0 0 0 0 7 38 16 0 0 0 0
 0 22 22 0 0 0 0 0 0 2 0 0 38 6 0 0 0 0 0 12
 136 22 0 0 0 36 103 86 12 1 0 0 45 140 85 9 0 0 0 0
 22 37 0 0 32 7 0 0 0 0 0 32 140 37 0 0 5 10 7 115
 65 3 0 24 140 140 10 21 0 0 0 9 115 40 0 0 6 0 0 0
 0 0 10 140 51 0 0 36 19 0 6 140 11 0 0 140 140 1 0 20
 0 0 0 37 65 0 0 0
18.07 4.28 1.14 -1.176
 2 0 0 0 0 0 0 2 28 0 0 0 0 0 11 115 8 0 5 2
 0 0 136 136 0 1 25 2 0 0 136 75 21 0 0 0 0 0 0 7
 136 21 2 6 0 0 1 136 65 11 74 136 11 0 21 121 0 7 136 72
 1 0 16 10 17 7 0 0 0 0 0 0 136 136 35 21 0 0 0 6
 19 43 63 136 43 0 0 1 0 2 72 56 8 0 0 0 0 1 0 0
 0 0 0 0 3 31 19 3 0 0 0 0 0 7 27 36 3 0 0 0
 0 0 0 4 1 0 0 0
17.78 73.28 1.36 0.657
 3 32 78 76 13 11 17 5 27 88 22 2 39 108 19 0 4 1 0 0
 76 100 2 12 7 0 0 0 1 8 55 49 25 20 16 61 47 0 0 0
 134 80 4 0 36 26 1 5 45 16 1 1 134 107 2 17 59 99 33 1
 10 11 39 58 32 0 0 11 33 0 0 11 134 7 0 0 28 5 0 72
 36 6 1 14 134 24 1 10 1 68 45 5 39 1 0 0 36 0 0 0
 14 14 30 48 134 0 0 19 36 0 2 117 7 0 0 64 134 0 0 6
 0 0 0 5 26 0 0 2
17.78 73.28 1.36 -2.292
 2 0 0 6 0 10 2 1 109 0 0 0 0 0 0 86 73 0 0 77
 33 0 0 108 0 9 45 124 36 0 0 4 8 1 0 0 12 124 33 5
 124 6 0 5 11 13 2 75 66 2 1 124 124 0 0 22 5 0 0 74
 48 0 0 3 7 21 62 72 56 67 7 1 124 44 2 25 38 12 0 9
 45 12 0 54 124 20 0 2 19 0 0 8 33 4 2 41 4 8 36 23
 0 0 0 0 124 72 2 5 6 3 0 1 41 42 4 1 82 90 25 3
 16 0 1 0 8 23 66 91
15.22 107.32 1.35 -1.928
 1 0 0 0 0 0 0 0 81 0 0 0 0 0 0 75 87 0 0 75
 26 0 0 117 4 0 0 117 39 0 0 13 6 0 0 0 0 6 22 8
 117 7 0 0 3 3 2 70 85 3 0 72 117 29 13 40 1 0 0 49
 43 10 54 117 3 0 0 20 45 56 85 44 117 87 0 8 30 25 4 8
 96 66 0 1 36 58 54 17 1 0 4 53 8 14 76 94 1 0 0 56
 89 45 20 13 49 30 0 16 24 8 49 85 98 42 1 31 5 0 12 61
 3 1 3 117 32 0 3 1
15.12 89.16 1.32 0.087
 0 2 89 8 0 0 75 32 3 34 59 7 12 14 61 21 5 4 2 40
 137 68 11 1 119 3 0 6 26 8 0 41 12 13 137 16 0 0 0 0
 137 79 69 9 29 0 0 7 28 9 1 52 137 5 0 1 137 52 0 7
 27 0 0 1 40 1 5 0 0 0 0 4 137 2 0 3 38 6 0 34
 25 1 0 24 137 28 0 4 64 68 0 3 26 2 0 0 43 0 0 0
 3 1 0 15 137 0 0 1 31 5 0 54 13 0 0 11 137 21 0 4
 11 16 0 1 28 1 0 0
15.12 89.16 1.32 -3.062
 41 2 0 0 8 13 0 1 136 25 0 6 24 0 0 8 18 4 0 51
 136 0 0 0 5 2 0 9 30 0 0 0 38 3 0 0 56 57 0 4
 136 27 0 6 41 0 0 24 23 3 0 29 136 4 1 2 0 0 0 2
 26 1 10 1 39 1 0 1 136 46 0 10 136 6 0 1 34 13 2 53
 18 0 0 5 136 86 94 8 0 0 0 0 6 9 136 22 33 12 0 38
 106 2 0 6 134 78 17 2 2 5 2 34 7 12 76 28 1 27 59 5
 0 0 88 41 0 1 72 8
14.23 73.88 1.33 -2.190
 0 10 5 0 6 123 9 0 8 0 0 0 6 112 12 8 123 0 0 4
 2 3 0 104 41 0 0 111 36 0 0 40 0 123 83 10 8 59 6 0
 26 13 39 65 89 116 7 6 123 18 1 23 36 7 0 43 20 3 0 106
 123 0 0 5 0 61 65 7 0 0 0 0 39 16 66 60 9 0 0 1
 123 39 1 11 43 10 0 15 14 4 0 22 123 50 12 4 0 0 0 0
 0 0 0 0 14 9 1 0 0 0 0 0 96 119 5 0 6 7 0 0
 12 63 11 0 22 56 50 6
11.71 77.54 1.42 1.684
 3 0 7 66 10 0 56 124 6 0 8 137 41 3 17 29 0 0 0 40
 23 10 10 0 0 0 0 0 0 0 0 0 13 2 79 137 6 0 10 12
 99 7 9 73 16 35 73 85 7 0 0 1 76 137 59 13 0 0 0 0
 11 8 0 0 30 5 18 25 0 0 0 0 137 49 1 0 16 15 5 17
 50 7 0 0 137 137 4 4 0 0 0 0 51 25 0 0 13 0 0 0
 0 11 78 5 137 11 0 0 3 3 27 34 65 3 0 0 137 60 0 5
 0 0 0 0 89 24 0 0
11.71 77.54 1.42 -1.049
 7 0 0 0 0 0 0 2 124 0 0 1 1 0 0 64 86 0 5 100
 87 0 0 31 0 52 65 74 39 2 1 0 20 1 0 0 0 0 0 4
 124 28 5 11 9 0 0 47 61 8 6 124 124 0 0 9 0 6 4 39
 50 0 1 0 9 5 0 0 0 0 0 1 75 118 48 18 3 0 8 18
 8 27 52 115 65 2 63 40 0 0 0 7 12 1 124 18 6 0 0 0
 0 0 2 43 3 6 8 13 0 0 65 124 2 4 70 27 0 0 107 114
 1 17 92 7 0 0 123 24
33.15 52.06 1.13 1.770
 4 0 0 0 0 0 0 2 64 0 0 0 0 0 10 126 15 0 10 17
 0 0 90 129 0 7 56 14 0 0 80 39 23 0 0 0 0 0 0 5
 129 9 0 8 8 0 0 81 48 3 38 129 59 3 2 31 1 24 129 87
 4 1 0 3 25 3 0 0 0 0 0 0 129 57 0 3 14 7 0 6
 47 13 1 42 118 129 14 2 4 1 6 12 9 66 40 70 7 2 0 0
 0 0 0 0 117 120 0 0 0 1 0 0 46 114 11 0 1 79 21 0
 1 4 16 17 1 56 83 44
33.14 8.73 1.10 1.671
 0 0 0 0 0 0 0 0 0 0 0 0 0 0 15 9 0 0 0 0
 0 10 20 3 0 0 0 0 0 1 0 0 21 0 0 0 0 0 0 13
 83 4 0 0 5 22 104 145 4 0 0 0 75 145 104 30 0 0 0 0
 11 25 33 15 45 9 0 0 0 0 0 3 145 84 0 0 5 20 13 49
 57 11 2 0 43 145 92 12 0 0 3 1 2 77 145 90 28 1 0 0
 0 0 0 2 145 19 8 12 1 0 0 24 62 13 145 45 4 17 16 4
 0 3 145 51 0 9 41 11
27.36 74.43 0.97 -0.055
 6 10 0 0 0 0 0 0 113 114 0 0 0 0 0 0 72 66 0 0
 24 36 0 0 0 0 0 0 113 90 0 0 1 0 0 0 5 19 0 0
 91 66 0 0 0 0 2 16 116 99 0 0 13 5 0 18 9 2 0 4
 116 45 0 0 0 0 0 0 6 114 63 15 24 2 0 0 0 2 84 116
 92 5 0 32 14 0 13 116 6 0 0 116 116 1 0 2 0 1 54 4
 0 51 74 11 0 1 79 16 0 1 65 75 0 0 53 116 15 0 7 24
 0 0 5 116 41 0 0 0
27.24 60.88 1.05 0.608
 96 42 0 0 8 11 4 38 16 2 0 1 120 97 2 10 104 0 0 0
 24 21 3 102 40 0 0 29 42 0 0 34 21 0 16 30 6 0 27 94
 27 6 6 125 111 13 1 12 125 17 2 17 22 5 1 61 18 0 0 60
 111 0 0 10 0 0 125 89 1 0 1 3 65 7 35 125 14 0 0 3
 125 15 1 8 12 0 0 16 15 0 0 32 125 7 0 1 0 0 31 10
 0 0 0 0 68 4 6 6 0 0 0 5 125 13 0 0 11 0 0 14
 10 0 0 9 125 15 0 0
23.11 52.50 1.10 0.956
 6 0 9 35 28 1 0 27 3 10 21 55 84 42 2 1 104 57 12 7
 30 47 7 16 17 2 0 3 72 119 2 3 7 11 91 125 9 0 0 1
 96 49 56 17 31 48 18 12 84 27 38 23 57 53 27 25 15 12 44 111
 86 16 0 2 27 5 11 60 41 8 11 6 125 25 3 1 23 8 4 31
 33 5 22 20 125 43 1 5 1 1 29 46 30 4 9 39 4 4 1 0
 11 37 125 30 71 3 1 10 15 2 62 108 14 0 0 31 125 20 4 24
 24 0 0 1 30 6 12 125
20.23 49.93 1.07 0.976
 8 0 3 27 3 0 46 85 0 16 56 63 19 52 38 11 2 19 13 3
 61 113 2 0 0 0 0 0 13 43 0 0 1 0 9 63 62 10 0 13
 27 43 40 68 99 46 2 4 113 67 10 2 45 113 6 16 2 0 0 1
 84 113 1 1 22 29 110 97 15 5 0 1 72 29 21 4 55 86 35 21
 113 37 49 43 44 36 16 29 3 3 19 93 113 32 0 1 85 13 17 28
 4 0 2 7 113 14 2 2 72 20 3 19 2 10 51 44 113 21 1 1
 0 0 22 53 7 0 13 23
19.98 24.92 1.11 1.254
 0 0 0 0 0 0 0 0 0 0 0 0 0 0 14 9 0 0 0 0
 0 8 16 2 0 0 0 0 0 0 0 0 14 1 0 0 0 0 0 7
 102 10 0 0 2 22 92 136 11 1 0 0 79 136 94 29 0 0 0 0
 18 18 0 0 19 3 0 0 0 0 11 45 136 40 0 0 7 13 27 131
 65 7 0 2 136 136 9 21 0 0 0 0 86 45 0 0 0 0 0 0
 0 0 46 136 31 0 0 40 2 0 63 136 13 0 0 136 136 25 1 20
 0 0 0 35 85 11 0 0
19.98 24.92 1.11 -1.394
 6 0 0 0 0 0 0 2 135 0 0 0 0 0 10 135 46 1 28 27
 0 0 106 135 0 3 88 20 0 0 80 38 26 0 0 0 0 0 0 5
 135 25 8 13 8 0 0 80 75 9 80 135 108 0 0 22 0 4 135 88
 10 0 0 0 16 7 0 0 0 0 0 0 112 132 95 21 4 0 0 6
 11 27 103 135 84 0 0 0 0 0 16 21 14 0 0 0 0 0 0 0
 0 0 0 0 0 8 16 0 0 0 0 0 0 1 18 8 0 0 0 0
 0 0 0 0 0 0 0 0
14.98 69.88 1.12 1.109
 0 22 111 41 2 6 36 1 16 48 45 3 31 128 19 0 1 1 0 0
 63 128 6 0 0 0 0 0 5 3 0 0 18 28 71 60 1 0 0 0
 128 88 27 3 37 17 1 4 24 5 0 14 128 63 0 0 0 0 0 0
 24 5 0 0 38 0 0 4 0 0 0 34 128 3 0 15 52 3 0 117
 19 1 0 80 128 11 2 14 5 0 0 5 17 8 54 45 39 0 0 0
 0 0 3 128 75 0 0 45 73 2 2 107 24 10 0 62 128 1 0 11
 76 56 1 0 3 11 39 57
14.98 69.88 1.12 -2.056
 2 13 37 54 76 67 2 0 128 2 0 12 27 13 0 55 84 2 2 98
 76 0 0 45 0 0 2 128 48 0 0 0 12 10 63 52 7 0 0 3
 128 12 2 15 14 1 0 71 66 5 0 105 128 5 0 17 0 0 0 37
 49 1 0 3 16 4 0 0 0 0 0 0 128 68 0 0 14 3 0 14
 53 23 2 2 128 89 22 4 1 0 0 0 26 35 78 49 3 2 0 0
 0 0 0 0 60 118 6 0 0 0 0 0 33 128 20 0 15 42 35 2
 3 11 38 1 1 23 113 33
13.86 66.96 1.11 -1.567
 1 2 3 0 0 0 0 0 47 2 13 2 0 0 5 94 60 0 11 55
 13 1 10 122 8 0 40 122 11 0 0 16 16 0 0 0 0 0 0 5
 122 8 0 3 10 0 0 122 51 2 2 122 122 9 3 57 0 0 11 93
 34 6 2 0 18 5 0 0 0 0 0 0 122 101 0 1 13 2 0 15
 57 29 0 18 115 122 37 5 0 0 0 3 10 84 112 35 3 1 0 0
 0 0 0 0 111 85 9 0 0 0 0 0 46 122 56 0 0 38 24 1
 0 26 42 6 0 30 80 27
7.87 106.36 1.13 0.722
 0 16 60 88 21 0 20 14 14 114 86 9 0 14 17 3 10 24 7 7
 101 114 9 0 0 0 0 4 102 43 0 0 11 9 15 118 52 6 0 1
 118 97 34 19 2 0 0 46 54 24 10 118 113 2 0 18 0 0 0 71
 91 1 0 0 7 3 0 17 22 118 36 0 78 103 58 14 3 49 3 5
 10 26 78 118 40 0 0 1 0 0 0 27 11 0 0 0 8 33 21 3
 20 118 13 0 0 5 8 0 89 118 2 0 0 1 12 7 6 3 0 0
 0 0 0 1 0 0 0 0
7.87 106.36 1.13 -3.027
 0 26 4 0 0 0 0 0 1 125 62 0 0 0 5 3 0 56 125 2
 0 4 10 2 40 61 125 7 0 0 0 2 8 0 0 0 0 0 0 5
 62 8 6 0 1 16 62 101 9 5 29 0 34 125 75 22 125 17 16 0
 6 15 5 18 22 2 0 0 0 0 0 1 125 31 0 0 5 10 9 32
 59 8 0 0 87 125 81 16 55 2 0 2 9 26 125 84 7 2 0 0
 0 0 0 0 112 125 3 0 0 0 0 1 29 122 71 1 2 14 29 3
 0 3 83 49 1 1 41 11
